0.0,0.33333,0.0,0.0,0.10417,0.18648,0.0,0.66667,0.0,0.0,0.66667,0.04184,0.02491,0.42813,0.05376,1
0.0,0.33333,0.0,0.0,0.08333,0.25641,0.0,0.66667,0.0,0.0,0.66667,0.30683,0.28233,0.41285,0.17204,1
0.33333,1.0,0.0,0.0,0.10417,0.60839,0.66667,0.0,0.0,0.0,0.66667,0.39749,0.36655,0.44306,0.23656,1
0.0,1.0,0.0,0.0,0.125,0.67832,0.0,0.0,1.0,0.33333,0.66667,0.09066,0.10558,0.49046,0.21505,1
0.0,0.33333,0.0,0.0,0.0625,0.81585,0.33333,0.33333,0.0,0.0,0.66667,0.40586,0.30249,0.68811,0.09677,1
0.0,0.33333,0.0,0.0,0.04167,0.16084,0.0,0.33333,0.0,0.33333,0.66667,0.17992,0.16014,0.53513,0.5914,1
0.33333,0.0,0.0,0.0,0.04167,0.40093,0.33333,0.0,0.0,0.33333,0.66667,0.3696,0.34282,0.76301,0.27957,1
0.0,0.33333,0.0,0.0,0.08333,0.4965,0.33333,0.33333,0.0,0.0,0.66667,0.52999,0.43535,0.55812,0.58065,1
0.33333,0.33333,0.0,0.0,0.04167,0.62704,0.0,0.33333,0.0,0.0,0.66667,0.55091,0.44958,0.9052,0.0,1
0.33333,0.33333,0.0,0.0,0.04167,0.85548,0.66667,0.0,0.0,0.0,0.66667,0.52999,0.44958,0.70376,0.39785,1
0.0,0.33333,0.0,0.0,0.04167,0.41026,0.33333,0.0,0.0,0.0,1.0,0.54812,0.46145,0.54284,0.56989,1
0.0,0.33333,0.0,0.0,0.10417,0.42657,0.0,0.66667,0.0,0.0,0.66667,0.69177,0.5777,0.52755,0.23656,1
0.33333,1.0,0.0,0.0,0.04167,0.65035,0.66667,0.0,0.0,0.0,0.66667,0.1046,0.11744,0.9763,0.50538,1
0.0,0.33333,0.0,0.0,0.08333,0.82051,0.33333,0.0,0.0,0.0,0.66667,0.29149,0.2503,0.5964,0.16129,1
0.0,0.33333,0.0,0.0,0.10417,0.28904,0.0,0.33333,0.0,0.0,0.66667,0.39191,0.33808,0.48928,0.16129,1
0.33333,0.33333,0.0,0.0,0.0625,0.44522,0.33333,0.33333,0.0,0.0,0.33333,0.48396,0.40095,0.55812,0.13978,1
0.0,0.33333,0.0,0.0,0.04167,0.75524,0.33333,0.33333,0.0,0.0,0.66667,0.34449,0.29063,0.32113,0.15054,1
0.33333,0.66667,0.0,0.0,0.04167,0.82751,0.66667,0.0,0.0,0.0,0.66667,0.09066,0.10558,0.69191,0.50538,1
0.33333,0.33333,0.0,0.0,0.10417,0.40559,0.0,0.66667,0.0,0.0,0.66667,0.3417,0.3191,0.9763,0.47312,1
0.0,1.0,0.0,0.0,0.08333,0.42657,0.33333,0.33333,0.0,0.0,0.66667,0.42678,0.3535,0.58111,0.39785,1
0.33333,0.33333,0.0,0.0,0.0625,0.67366,0.0,0.33333,0.0,0.0,0.66667,0.61367,0.49822,0.61168,0.37634,1
0.33333,0.0,0.0,0.0,0.08333,0.82751,0.66667,0.0,0.0,0.0,0.66667,0.21618,0.21234,0.54971,0.39785,1
0.0,0.33333,0.0,0.0,0.0625,0.26107,0.0,0.66667,0.0,0.0,0.66667,0.56485,0.45789,0.54284,0.16129,1
0.33333,0.33333,0.0,0.0,0.04167,0.41725,0.33333,0.0,0.0,0.0,0.66667,0.52999,0.44958,0.73931,0.17204,1
0.33333,0.0,0.0,0.0,0.0625,0.62937,0.33333,0.0,0.0,0.0,0.66667,0.17434,0.17675,0.76301,0.29032,1
0.33333,0.0,0.0,0.0,0.04167,0.86247,0.66667,0.0,0.0,0.0,0.66667,0.1325,0.14116,0.98815,0.05376,1
0.0,1.0,0.0,0.0,0.04167,0.43823,0.33333,0.33333,0.0,0.0,0.66667,0.3166,0.25741,0.29814,0.33333,1
0.33333,0.33333,0.0,0.0,0.125,0.50816,0.0,0.33333,0.0,0.33333,0.66667,0.11855,0.1293,0.79855,0.3871,1
0.0,0.33333,0.0,0.0,0.0625,0.61305,0.33333,0.33333,0.0,0.0,0.66667,0.98466,0.80308,0.5887,0.05376,1
0.0,0.33333,0.0,0.0,0.08333,0.84149,0.33333,0.33333,0.0,0.0,0.66667,0.81032,0.6548,0.66513,0.86022,1
0.0,0.33333,0.0,0.0,0.08333,0.37296,0.33333,0.0,0.0,0.0,0.66667,0.54672,0.44247,0.8027,0.31183,1
0.33333,0.66667,0.0,0.0,0.0625,0.5338,0.33333,0.0,0.0,0.0,0.66667,0.52999,0.44958,0.91705,0.16129,1
0.33333,0.33333,0.0,0.0,0.0625,0.66667,0.0,0.33333,0.0,0.0,0.33333,0.61227,0.50771,0.67283,0.26882,1
0.33333,0.33333,0.0,0.0,0.0625,0.8345,0.0,0.0,0.0,0.0,0.66667,0.24407,0.23606,0.77485,0.52688,1
0.33333,0.66667,0.0,0.0,0.04167,0.34499,0.33333,0.0,0.0,0.0,0.66667,0.43933,0.40214,0.57341,0.23656,1
0.0,0.66667,1.0,0.0,0.08333,0.58042,0.0,0.33333,0.0,0.33333,0.66667,0.53696,0.48517,0.68006,0.23656,1
0.33333,0.33333,0.0,0.0,0.08333,0.669,0.33333,0.0,0.0,0.0,0.66667,0.41144,0.34282,0.71561,0.05376,1
0.33333,0.33333,0.0,0.0,0.08333,0.30303,0.33333,0.0,0.0,0.0,0.66667,0.25802,0.24792,0.9052,0.34409,1
0.33333,0.0,0.0,0.0,0.0625,0.55245,0.66667,0.0,0.0,0.0,0.66667,0.06276,0.08185,0.7867,0.05376,1
0.33333,0.33333,0.0,0.0,0.04167,0.64569,0.0,0.33333,0.0,0.0,0.66667,0.67364,0.54686,0.65754,0.23656,1
0.0,0.33333,0.0,0.0,0.10417,0.1655,0.33333,0.33333,0.0,0.0,0.66667,0.79916,0.68683,0.8027,0.37634,1
0.33333,0.33333,0.0,0.0,0.04167,0.58741,0.0,0.33333,0.0,0.0,0.66667,0.51883,0.38434,0.5964,0.50538,1
0.33333,0.33333,0.0,0.0,0.10417,0.64103,0.33333,0.66667,0.0,0.0,0.33333,0.79637,0.65125,0.43583,0.31183,1
0.33333,0.33333,0.0,0.0,0.08333,0.30303,0.0,0.33333,0.0,0.33333,0.66667,0.20223,0.20047,0.44306,0.09677,1
0.0,0.66667,0.0,0.0,0.08333,0.54779,0.0,0.66667,0.0,0.0,0.33333,0.17434,0.17675,0.9052,0.22581,1
0.33333,0.33333,0.0,0.0,0.08333,0.67366,0.0,0.0,0.0,0.0,0.66667,0.32775,0.30724,0.44306,0.09677,1
0.0,0.33333,0.0,0.0,0.0625,0.24942,0.33333,0.0,0.0,0.0,0.66667,0.3682,0.29775,0.52755,0.31183,1
0.33333,0.0,0.0,0.0,0.08333,0.5711,0.0,0.33333,0.0,0.33333,0.66667,0.3417,0.3191,0.50231,0.47312,1
0.0,0.33333,0.0,0.0,0.10417,0.66434,0.0,0.33333,0.0,0.33333,0.66667,0.14644,0.15302,0.77485,0.27957,1
0.0,0.66667,0.0,0.0,0.04167,0.36364,0.33333,0.33333,0.0,0.0,0.0,0.04881,0.06999,1.0,0.22581,1
0.33333,0.33333,0.0,0.0,0.08333,0.57809,0.33333,0.33333,0.0,0.0,0.66667,0.79637,0.66548,0.49698,0.34409,1
0.33333,0.0,0.0,0.0,0.0625,0.69697,0.33333,0.0,0.0,0.0,0.66667,0.3696,0.34282,0.98815,0.31183,1
0.0,0.33333,0.0,0.0,0.08333,0.41259,0.33333,0.0,0.0,0.33333,0.66667,0.04881,0.06999,0.7867,0.05376,1
0.0,0.33333,0.0,0.0,0.08333,0.44056,0.33333,0.33333,0.0,0.0,0.66667,0.58438,0.4911,0.76455,0.34409,1
0.33333,0.66667,0.0,0.0,0.0625,0.7669,0.0,0.0,0.0,0.0,0.66667,0.24407,0.23606,0.77485,0.62366,1
0.0,0.33333,0.0,0.0,0.04167,0.40793,0.33333,0.33333,0.0,0.0,0.66667,0.55927,0.48636,0.46641,0.23656,1
0.0,0.33333,0.0,0.0,0.08333,0.50816,0.66667,0.66667,0.0,0.0,0.0,0.28033,0.24199,0.72627,0.13978,1
0.0,0.33333,0.0,0.0,0.04167,0.68998,0.0,0.33333,0.0,0.33333,0.66667,0.41004,0.37722,0.60398,0.11828,1
0.0,0.33333,0.0,0.0,0.04167,0.38928,0.0,0.66667,0.0,0.0,0.66667,0.55509,0.48161,0.54284,0.32258,1
0.0,0.66667,0.0,0.0,0.125,0.51981,0.33333,0.33333,0.0,0.0,0.66667,0.45328,0.43772,0.52601,0.19355,1
0.33333,0.66667,0.0,0.0,0.10417,0.74126,0.0,0.0,0.0,0.0,0.66667,0.53696,0.43772,0.47861,0.4086,1
0.0,0.33333,0.0,0.0,0.0625,0.26807,0.0,0.33333,0.0,0.0,0.66667,0.28731,0.23606,0.48928,0.11828,1
0.33333,0.33333,0.0,0.0,0.04167,0.4662,0.33333,0.0,0.0,0.33333,0.33333,0.53696,0.48517,0.89335,0.43011,1
0.33333,1.0,0.0,0.0,0.0625,0.80186,0.33333,0.0,0.0,0.0,0.66667,0.39749,0.36655,0.47861,0.39785,1
0.0,0.33333,0.0,0.0,0.04167,0.17949,0.66667,0.66667,0.0,0.0,0.66667,0.45746,0.3962,0.38227,0.25806,2
0.0,0.66667,1.0,0.0,0.16667,0.40793,0.33333,0.66667,1.0,0.33333,0.33333,0.41144,0.37841,0.47861,0.25806,2
0.0,0.33333,0.0,0.0,0.04167,0.49184,0.66667,0.66667,0.0,0.0,1.0,0.33891,0.26335,0.43583,0.67742,2
0.0,0.33333,0.0,0.0,0.0,0.7972,0.0,1.0,1.0,0.33333,0.66667,0.31381,0.29537,0.65636,0.17204,2
0.0,0.33333,0.0,0.0,0.08333,0.81352,0.66667,0.33333,0.0,0.0,0.66667,0.55649,0.4745,0.48928,0.44086,2
0.33333,0.33333,0.0,0.0,0.08333,0.17249,0.66667,1.0,0.0,0.0,0.66667,0.5272,0.44128,0.53513,0.17204,2
0.0,0.66667,0.0,0.0,0.08333,0.40093,0.33333,1.0,0.0,0.33333,0.66667,0.5523,0.4567,0.51985,0.73118,2
0.33333,0.0,0.0,0.0,0.08333,0.57343,0.33333,0.66667,0.0,0.33333,0.66667,0.27197,0.25979,0.44306,0.51613,2
0.0,0.0,0.0,0.0,0.08333,0.77389,0.0,0.66667,0.0,1.0,0.66667,0.42538,0.39027,0.46676,0.52688,2
0.0,0.33333,0.0,0.0,0.04167,0.83916,0.33333,0.66667,0.0,0.0,0.66667,0.46569,0.40569,0.46641,0.19355,2
0.0,0.0,0.0,0.0,0.125,0.22145,0.33333,0.66667,0.0,0.33333,0.66667,0.40167,0.34994,0.50456,0.50538,2
0.33333,0.66667,0.0,0.0,0.0625,0.3986,1.0,0.0,0.0,0.0,0.66667,0.39749,0.36655,0.91705,0.29032,2
0.0,0.33333,0.0,0.0,0.08333,0.56643,0.66667,0.66667,0.0,0.0,0.66667,0.53417,0.47212,0.34412,0.08602,2
0.0,0.33333,0.0,0.0,0.10417,0.7296,0.33333,0.33333,0.0,0.33333,0.66667,0.41144,0.37841,0.47861,0.29032,2
0.0,1.0,0.0,0.0,0.08333,0.85548,0.33333,0.66667,0.0,0.0,0.66667,0.51604,0.42349,0.19884,0.34409,2
0.0,0.33333,0.0,0.0,0.0625,0.15385,0.33333,0.66667,0.0,0.0,0.66667,0.08368,0.05219,0.73397,0.12903,2
0.0,0.33333,0.0,0.0,0.04167,0.338,0.33333,0.33333,0.0,0.33333,0.66667,0.3417,0.3191,0.64451,0.29032,2
0.33333,0.0,0.0,0.0,0.14583,0.52214,0.33333,0.33333,0.0,0.33333,0.66667,0.23013,0.2242,0.91705,0.23656,2
0.0,0.33333,0.0,1.0,0.41667,0.669,0.33333,0.33333,1.0,0.66667,0.66667,0.21618,0.21234,0.62081,0.29032,2
0.0,0.33333,0.0,0.0,0.08333,0.8648,0.66667,0.66667,0.0,0.0,0.66667,0.80614,0.67497,0.61927,0.13978,2
0.33333,1.0,0.0,0.0,0.125,0.15851,0.33333,0.66667,0.0,0.33333,0.66667,0.27615,0.25504,0.61168,0.22581,2
0.33333,0.33333,0.0,0.0,0.16667,0.3683,0.33333,0.33333,0.0,0.33333,0.66667,0.23013,0.2242,0.89335,0.29032,2
0.0,0.66667,1.0,0.0,0.16667,0.5035,0.33333,1.0,1.0,0.33333,0.33333,0.04881,0.06999,0.73931,0.1828,2
0.33333,0.33333,0.0,0.0,0.14583,0.662,0.33333,0.33333,1.0,0.33333,0.66667,0.3417,0.3191,0.72746,0.22581,2
0.0,0.33333,0.0,0.0,0.125,0.86946,0.33333,0.66667,1.0,0.0,0.66667,0.39749,0.36655,0.43121,0.2043,2
0.33333,0.33333,0.0,0.0,0.0625,0.23543,0.33333,0.66667,0.0,0.0,0.66667,0.04603,0.03321,0.50456,0.29032,2
0.33333,1.0,0.0,0.0,0.08333,0.22145,0.33333,0.33333,0.0,0.33333,0.66667,0.4477,0.39265,0.4587,0.16129,2
0.0,0.33333,0.0,0.0,0.125,0.5711,0.33333,0.66667,1.0,0.0,0.66667,0.17434,0.17675,0.66821,0.16129,2
0.33333,0.0,0.0,0.0,0.125,0.63403,0.0,0.33333,0.0,1.0,0.66667,0.29986,0.28351,0.71561,0.45161,2
0.0,0.33333,0.0,0.0,0.10417,0.8648,0.33333,0.66667,0.0,0.0,0.66667,0.4728,0.40214,0.54284,0.04301,2
0.0,0.33333,0.0,0.0,0.08333,0.16783,1.0,0.66667,0.0,0.0,0.66667,0.29707,0.21708,0.73397,0.27957,2
0.0,0.33333,0.0,0.0,0.08333,0.35897,0.66667,0.33333,0.0,0.33333,0.33333,0.1325,0.14116,0.45491,0.26882,2
0.33333,0.0,0.0,0.0,0.04167,0.47086,0.0,1.0,0.0,0.33333,0.66667,0.25802,0.24792,0.53786,0.29032,2
0.0,0.33333,0.0,0.0,0.08333,0.79953,0.33333,0.66667,0.0,0.33333,0.66667,0.51883,0.46975,0.58111,0.51613,2
0.0,0.33333,0.0,0.0,0.14583,0.87179,0.33333,0.33333,1.0,0.33333,0.66667,0.45328,0.414,0.73931,0.52688,2
0.0,0.33333,0.0,0.0,0.04167,0.16084,0.33333,0.66667,0.0,0.33333,0.66667,0.31939,0.27758,0.63455,0.17204,2
0.33333,0.0,0.0,0.0,0.14583,0.31235,0.33333,0.33333,1.0,0.33333,0.66667,0.46722,0.42586,0.69191,0.32258,2
0.0,0.66667,0.0,0.0,0.08333,0.51515,0.0,1.0,0.0,0.66667,0.66667,0.59275,0.53262,0.77485,0.32258,2
0.0,1.0,0.0,0.0,0.0,0.75758,0.33333,0.33333,1.0,0.0,0.66667,0.46722,0.42586,0.72746,0.37634,2
0.33333,1.0,0.0,0.0,0.08333,1.0,0.66667,0.66667,0.0,0.0,0.66667,0.39609,0.33333,0.37469,0.17204,2
0.33333,0.33333,0.0,0.0,0.0625,0.14918,0.33333,0.66667,0.0,0.0,0.66667,0.59135,0.48517,0.51226,0.17204,2
0.0,1.0,0.0,0.0,0.04167,0.37063,0.0,1.0,0.0,0.66667,0.66667,0.41144,0.37841,0.44306,0.52688,2
0.0,0.66667,0.0,0.0,0.04167,0.59441,0.33333,0.33333,1.0,0.33333,0.66667,0.25802,0.24792,0.9526,0.52688,2
0.0,0.33333,0.0,0.0,0.125,0.70629,0.33333,0.66667,0.0,0.33333,0.66667,0.22455,0.21115,0.42813,0.13978,2
0.0,0.33333,0.0,0.0,0.08333,0.83683,0.33333,0.66667,0.0,0.33333,0.66667,0.29428,0.26809,0.65754,0.49462,2
0.0,0.33333,0.0,0.0,0.0625,0.17949,0.66667,0.66667,0.0,0.0,0.66667,0.65969,0.56346,0.66513,0.32258,2
0.0,0.33333,0.0,0.0,0.08333,0.25641,0.33333,0.66667,0.0,0.0,0.66667,0.51046,0.41044,0.63455,0.49462,2
0.0,0.0,0.0,0.0,0.08333,0.58508,0.0,0.66667,0.0,0.33333,0.66667,0.14644,0.15302,0.60896,0.17204,2
0.33333,0.0,0.0,0.0,0.20833,0.64802,0.33333,0.66667,1.0,0.33333,0.66667,0.41144,0.37841,0.51416,0.32258,2
0.0,1.0,0.0,0.0,0.125,0.86946,0.33333,0.66667,0.0,0.33333,0.33333,0.17434,0.17675,0.68006,0.55914,2
0.0,0.0,0.0,0.0,0.08333,0.17249,0.66667,0.66667,0.0,0.0,0.66667,0.35704,0.293,0.22941,0.16129,2
0.33333,0.33333,0.0,0.0,0.08333,0.41958,0.33333,0.33333,0.0,0.33333,0.66667,0.24128,0.22894,0.50456,0.76344,2
0.0,0.66667,0.0,0.0,0.08333,0.48019,0.66667,0.66667,1.0,0.0,0.66667,0.09066,0.10558,0.68006,0.58065,2
0.33333,0.33333,0.0,0.0,0.125,0.68531,0.33333,0.33333,0.0,0.33333,0.66667,0.3696,0.31554,0.57341,0.29032,2
0.33333,0.33333,0.0,0.0,0.08333,1.0,0.0,0.66667,0.0,0.33333,0.66667,0.48954,0.4306,0.63455,0.22581,2
0.0,0.33333,0.0,0.0,0.04167,0.20746,0.33333,0.66667,0.0,0.0,0.66667,0.40586,0.34638,0.43583,0.37634,2
0.0,0.33333,0.0,0.0,0.0625,0.34732,0.33333,0.33333,0.0,0.0,1.0,0.34031,0.27046,0.65754,0.37634,2
0.0,0.33333,0.0,0.0,0.04167,0.44522,0.66667,0.66667,0.0,0.0,0.66667,0.50349,0.40569,0.34412,0.47312,2
0.0,0.66667,0.0,0.0,0.04167,0.64103,0.33333,0.33333,1.0,0.33333,0.66667,0.04881,0.06999,0.62081,0.50538,2
0.33333,0.66667,1.0,0.0,0.08333,0.8345,0.33333,0.66667,0.0,0.0,0.66667,0.17434,0.17675,0.72746,0.08602,2
0.33333,0.33333,0.0,0.0,0.0,0.16317,0.66667,0.33333,0.0,0.33333,0.66667,0.34728,0.29063,0.57341,0.10753,2
0.33333,0.33333,0.0,0.0,0.08333,0.36364,0.0,0.66667,0.0,0.66667,0.66667,0.59275,0.53262,0.43121,0.22581,2
0.0,0.33333,0.0,0.0,0.16667,0.50117,0.33333,0.33333,0.0,0.33333,0.66667,0.45328,0.43772,0.72746,0.16129,2
0.0,1.0,0.0,0.0,0.20833,0.82517,0.66667,0.66667,1.0,0.0,0.66667,0.06276,0.08185,0.57341,0.1828,2
0.0,0.33333,0.0,0.0,0.08333,0.83683,0.33333,0.66667,0.0,0.0,1.0,0.65132,0.52669,0.60398,0.58065,2
0.33333,0.33333,0.0,0.0,0.10417,0.0,0.66667,1.0,0.0,0.0,0.66667,0.46583,0.40332,0.51985,0.21505,2
0.0,0.33333,0.0,0.0,0.04167,0.42191,0.66667,0.66667,0.0,0.0,0.66667,0.46165,0.38434,0.29056,0.39785,2
0.33333,0.33333,0.0,0.0,0.0625,0.57343,1.0,0.0,0.0,0.0,0.66667,0.32775,0.30724,0.96445,0.33333,2
0.0,0.66667,0.0,0.0,0.08333,0.74359,0.33333,0.66667,0.0,0.33333,0.66667,0.42399,0.35469,0.57341,0.23656,2
0.0,0.0,0.0,0.0,0.16667,0.84615,0.0,0.66667,0.0,0.66667,0.66667,0.18828,0.18861,0.65636,0.49462,2
0.0,1.0,0.0,0.0,0.08333,0.1958,0.66667,0.66667,0.0,0.0,0.66667,0.35007,0.27165,0.27527,0.17204,2
0.0,0.66667,0.0,0.0,0.125,0.2704,0.0,0.66667,0.0,0.33333,0.66667,0.30683,0.27046,0.55812,0.47312,2
0.33333,0.33333,0.0,0.0,0.04167,0.56643,0.33333,0.66667,0.0,0.33333,0.66667,0.3696,0.34282,0.41936,0.22581,2
0.0,0.0,0.0,0.0,0.125,0.65035,0.0,0.66667,1.0,0.33333,0.66667,0.21618,0.21234,0.84595,0.63441,2
0.0,0.33333,0.0,0.0,0.04167,0.83683,0.66667,0.66667,0.0,0.0,0.66667,0.54114,0.46738,0.19884,0.4086,2
0.33333,0.33333,0.0,0.0,0.08333,0.21678,0.33333,0.66667,0.0,0.33333,0.66667,0.41144,0.37841,0.54971,0.47312,2
0.0,0.0,0.0,0.0,0.0625,0.28205,0.33333,0.66667,0.0,0.0,0.66667,0.31939,0.26216,0.44342,0.11828,2
0.33333,0.0,0.0,0.0,0.08333,0.5711,0.66667,0.66667,0.0,0.33333,0.66667,0.53696,0.43772,0.43121,0.12903,2
0.0,1.0,0.0,0.0,0.10417,0.74825,0.66667,0.66667,0.0,0.0,0.66667,0.10879,0.10913,0.25228,0.52688,2
0.33333,0.33333,0.0,0.0,0.125,0.87179,0.33333,0.33333,1.0,0.33333,0.66667,0.16039,0.16489,0.68006,0.22581,2
0.33333,0.33333,0.0,0.0,0.04167,0.21212,0.33333,1.0,0.0,0.33333,0.66667,0.28591,0.27165,0.76301,0.16129,2
0.0,1.0,0.0,0.0,0.04167,0.37063,0.33333,0.33333,0.0,0.33333,0.66667,0.06276,0.08185,0.66821,0.32258,2
0.0,1.0,0.0,0.0,0.125,0.52681,0.33333,0.33333,1.0,0.33333,0.66667,0.1325,0.14116,0.98815,0.33333,2
0.0,1.0,0.0,0.0,0.08333,0.67832,0.0,0.33333,1.0,0.33333,0.66667,0.25802,0.24792,1.0,0.37634,2
0.33333,0.33333,0.0,0.0,0.08333,0.87179,0.66667,0.66667,0.0,0.0,0.66667,0.22315,0.21827,0.42813,0.52688,2
0.0,0.0,0.0,0.0,0.08333,0.30769,0.66667,0.33333,0.0,0.33333,0.66667,0.32775,0.30724,0.47861,0.44086,2
0.33333,1.0,0.0,0.0,0.125,0.52448,0.66667,0.66667,0.0,0.33333,0.66667,0.43236,0.36655,0.61168,0.34409,2
0.0,1.0,0.0,0.0,0.04167,0.68765,0.0,1.0,0.0,0.66667,0.66667,0.35565,0.33096,0.68006,0.23656,2
0.0,0.33333,0.0,0.0,0.125,0.86014,0.0,1.0,1.0,0.33333,0.66667,0.3696,0.34282,0.40751,0.37634,2
0.0,0.33333,0.0,0.0,0.04167,0.25874,0.33333,0.66667,0.0,0.0,0.66667,0.47978,0.39027,0.55812,0.30108,2
0.0,0.33333,0.0,0.0,0.04167,0.59207,0.66667,1.0,0.0,0.0,0.66667,0.38912,0.3535,0.46641,0.26882,2
0.33333,0.33333,0.0,0.0,0.04167,0.65035,0.33333,0.33333,0.0,0.33333,0.66667,0.38354,0.35469,0.45491,0.2043,2
0.0,0.0,0.0,0.0,0.08333,0.87179,0.33333,0.66667,0.0,0.66667,0.66667,0.20223,0.20047,0.49046,0.23656,2
0.0,1.0,0.0,0.0,0.16667,0.38695,0.33333,0.33333,1.0,0.0,0.66667,0.52301,0.44958,0.43121,0.26882,2
0.0,0.33333,0.0,0.0,0.04167,0.50816,0.33333,0.66667,0.0,0.0,0.66667,0.4993,0.4223,0.51985,0.58065,2
0.33333,0.0,0.0,0.0,0.08333,0.69697,0.0,0.33333,1.0,0.33333,0.66667,0.1046,0.11744,0.84595,0.88172,2
0.0,0.33333,0.0,0.0,0.10417,0.8345,0.66667,0.66667,0.0,0.0,0.66667,0.47978,0.40925,0.25998,0.17204,2
0.0,1.0,0.0,0.0,0.08333,0.36364,0.66667,0.33333,1.0,0.33333,0.66667,0.46722,0.42586,0.75116,0.32258,2
0.0,0.33333,0.0,0.0,0.0625,0.52914,0.0,1.0,0.0,0.0,1.0,0.44491,0.38197,0.76455,0.17204,2
0.0,0.33333,0.0,0.0,0.0625,0.71329,0.66667,0.66667,0.0,0.0,0.66667,0.15481,0.13879,0.26757,0.15054,2
0.0,1.0,0.0,0.0,0.10417,0.85781,0.33333,0.66667,0.0,0.0,0.66667,0.44351,0.37722,0.54284,0.50538,2
0.0,1.0,0.0,0.0,0.125,0.24009,0.33333,0.33333,0.0,0.33333,0.66667,0.48257,0.45196,0.55812,0.29032,2
0.33333,0.66667,0.0,0.0,0.0625,0.49883,1.0,0.0,0.0,0.0,0.66667,0.07671,0.09371,0.86965,0.66667,2
0.0,0.0,0.0,0.0,0.08333,0.74359,0.0,1.0,0.0,0.66667,0.66667,0.29986,0.28351,0.98815,0.23656,2
0.33333,0.0,0.0,0.0,0.08333,0.86946,0.66667,0.66667,0.0,0.33333,0.66667,0.31381,0.29537,0.40751,0.50538,2
0.0,0.33333,0.0,0.0,0.0625,0.38928,0.66667,0.66667,0.0,0.0,1.0,0.35983,0.29181,0.53513,0.36559,2
0.33333,0.33333,0.0,0.0,0.04167,0.51049,0.33333,0.66667,0.0,0.0,0.66667,0.46722,0.39502,0.37469,0.54839,2
0.0,1.0,0.0,0.0,0.08333,0.72261,0.66667,0.33333,0.0,0.0,0.66667,0.26778,0.22894,0.21412,0.66667,2
0.33333,0.33333,0.0,0.0,0.125,0.83683,0.33333,0.66667,0.0,0.33333,0.66667,0.41144,0.37841,0.8104,0.11828,2
0.0,0.33333,0.0,0.0,0.0625,0.38695,0.33333,0.66667,0.0,0.0,0.66667,0.41841,0.35943,0.37469,0.66667,2
0.33333,1.0,0.0,0.0,0.08333,0.44755,0.33333,0.66667,0.0,0.33333,0.66667,0.34589,0.30249,0.54284,0.46237,2
0.33333,0.66667,0.0,0.0,0.10417,0.80186,1.0,0.0,0.0,0.0,0.66667,0.04881,0.06999,0.47861,0.66667,2
0.0,0.66667,1.0,0.0,0.04167,0.82051,0.66667,0.66667,0.0,0.0,0.33333,0.35565,0.33096,0.8815,0.23656,2
0.0,0.33333,0.0,0.0,0.0625,0.28671,0.33333,0.66667,0.0,0.0,0.66667,0.54812,0.38434,0.63455,0.13978,2
0.0,0.33333,0.0,0.0,0.04167,0.57343,0.33333,0.66667,0.0,0.0,0.66667,0.39888,0.33571,0.47399,0.16129,2
0.0,0.0,0.0,0.0,0.08333,0.79254,0.33333,0.33333,1.0,0.33333,0.66667,0.04881,0.06999,0.52601,0.53763,2
0.0,0.33333,0.0,0.0,0.0625,0.82284,0.33333,0.66667,0.0,0.0,1.0,0.45886,0.38316,0.61168,0.21505,2
0.0,0.33333,0.0,0.0,0.10417,0.3007,0.66667,0.66667,0.0,0.0,0.66667,0.33333,0.27284,0.27527,0.73118,2
0.33333,0.33333,0.0,0.0,0.14583,0.55012,0.66667,0.33333,0.0,0.33333,0.66667,0.42817,0.36773,0.57341,0.34409,2
0.0,0.66667,0.0,0.0,0.04167,0.68998,0.33333,0.66667,0.0,0.33333,0.66667,0.28452,0.25979,0.53513,0.09677,2
0.0,0.0,0.0,0.0,0.08333,0.84382,0.33333,0.66667,1.0,0.33333,0.66667,0.35565,0.33096,0.47861,0.09677,2
0.33333,0.66667,0.0,0.0,0.04167,0.34266,1.0,0.0,0.0,0.0,0.66667,0.14644,0.15302,0.9526,0.32258,2
0.0,0.33333,0.0,0.0,0.125,0.44289,0.66667,0.33333,0.0,0.0,0.66667,0.28591,0.27165,0.57341,0.32258,2
0.0,0.33333,0.0,0.0,0.04167,0.79254,0.33333,0.66667,0.0,0.0,1.0,0.79219,0.6382,0.49698,0.46237,2
0.0,0.0,0.0,0.0,0.14583,0.84149,0.66667,0.33333,0.0,0.33333,0.66667,0.38773,0.34757,0.51985,0.25806,2
0.0,0.0,0.0,0.0,0.04167,0.38462,0.66667,0.66667,0.0,0.0,0.66667,0.35704,0.30961,0.48169,0.05376,2
0.0,0.0,0.0,0.0,0.125,0.50117,0.66667,0.66667,1.0,0.0,0.66667,0.53696,0.44958,0.63266,0.19355,2
0.0,1.0,0.0,0.0,0.125,0.7366,0.0,0.66667,1.0,0.33333,0.66667,0.38354,0.35469,0.58526,0.46237,2
0.0,0.33333,0.0,0.0,0.125,0.86247,0.0,0.66667,1.0,0.33333,0.66667,0.46722,0.42586,0.44306,0.4086,2
0.0,0.33333,0.0,0.0,0.0625,0.32168,0.66667,0.66667,0.0,0.0,0.66667,0.66109,0.59549,0.54284,0.66667,2
0.33333,0.33333,0.0,0.0,0.04167,0.41259,0.33333,0.66667,0.0,0.33333,0.66667,0.51325,0.46145,0.63455,0.4086,2
0.0,1.0,0.0,1.0,0.25,0.78788,0.33333,0.33333,1.0,0.66667,0.66667,0.3696,0.34282,0.73931,0.19355,2
0.0,0.33333,1.0,0.0,0.125,0.84382,0.33333,0.66667,0.0,0.33333,1.0,0.32775,0.30724,0.50231,0.4086,2
0.0,0.33333,0.0,0.0,0.04167,0.39161,0.33333,0.33333,0.0,0.33333,0.66667,0.24407,0.23606,0.8104,0.09677,2
0.33333,0.33333,0.0,0.0,0.125,0.45455,0.0,0.66667,0.0,0.66667,0.66667,0.23013,0.2242,1.0,0.29032,2
0.0,0.33333,0.0,0.0,0.04167,0.68531,0.33333,0.66667,0.0,0.0,0.66667,0.55091,0.43891,0.52755,0.23656,2
0.33333,0.33333,0.0,0.0,0.08333,0.79487,1.0,0.0,0.0,0.0,0.66667,0.55091,0.49703,0.9052,0.34409,2
0.0,0.33333,0.0,0.0,0.08333,0.37762,0.66667,0.66667,1.0,0.0,0.66667,0.42538,0.39027,0.96445,0.09677,2
0.33333,0.33333,0.0,0.0,0.125,0.46853,0.33333,0.33333,0.0,0.33333,0.66667,0.37378,0.33571,0.63455,0.37634,2
0.0,0.0,0.0,0.0,0.04167,0.77622,0.0,0.66667,0.0,1.0,0.66667,0.16039,0.16489,0.8104,0.37634,2
0.33333,0.66667,0.0,0.0,0.10417,0.84848,1.0,0.0,0.0,0.0,0.66667,0.28591,0.27165,0.9526,0.52688,2
0.0,0.33333,0.0,0.0,0.04167,0.27739,0.33333,0.66667,0.0,0.0,0.66667,0.45328,0.34994,0.3517,0.25806,2
0.33333,1.0,0.0,0.0,0.16667,0.45688,0.0,0.66667,0.0,0.33333,0.66667,0.42538,0.39027,0.71561,0.21505,2
0.0,1.0,0.0,0.0,0.04167,0.80186,1.0,0.33333,1.0,0.0,0.66667,0.46722,0.42586,0.8104,0.63441,2
0.0,0.33333,0.0,0.0,0.08333,0.80886,0.33333,0.66667,0.0,0.0,0.66667,0.43933,0.40214,0.68006,0.17204,2
0.0,0.33333,0.0,0.0,0.04167,0.24009,0.66667,0.66667,0.0,0.0,1.0,0.56067,0.4567,0.48928,0.53763,2
0.33333,0.0,0.0,0.0,0.08333,0.50583,1.0,0.0,0.0,0.0,0.66667,0.32775,0.30724,0.79855,0.11828,2
0.33333,0.33333,0.0,0.0,0.0625,0.67366,0.33333,0.66667,0.0,0.0,0.66667,0.40307,0.3191,0.38227,0.16129,2
0.0,0.33333,1.0,1.0,0.66667,0.82051,0.66667,0.66667,1.0,0.0,0.33333,0.28591,0.27165,0.69191,0.05376,2
0.0,0.33333,0.0,0.0,0.0625,0.38928,0.66667,0.66667,0.0,0.0,0.66667,0.3682,0.29656,0.56571,0.32258,2
0.0,0.33333,0.0,0.0,0.08333,0.5711,0.33333,0.66667,0.0,0.33333,0.66667,0.72803,0.64176,0.53513,0.23656,2
0.33333,0.33333,0.0,0.0,0.125,0.64569,0.66667,0.66667,0.0,0.33333,0.66667,0.06276,0.08185,0.84595,0.25806,2
0.0,0.0,0.0,0.0,0.0,0.84149,0.0,1.0,0.0,0.66667,0.66667,0.1325,0.14116,0.59711,0.34409,2
0.33333,0.33333,0.0,0.0,0.16667,0.33566,0.66667,0.0,0.0,0.33333,0.66667,0.27197,0.25979,0.98815,0.09677,2
0.0,0.33333,0.0,0.0,0.08333,0.53613,0.33333,0.66667,0.0,0.33333,0.66667,0.34868,0.31435,0.51226,0.84946,2
0.0,0.33333,0.0,0.0,0.04167,0.76457,0.66667,0.33333,0.0,0.33333,0.66667,0.57462,0.51246,0.55812,0.02151,2
0.33333,1.0,0.0,0.0,0.08333,0.8345,0.0,0.66667,0.0,0.33333,0.66667,0.35565,0.33096,0.63266,0.10753,2
0.33333,0.0,0.0,0.0,0.16667,0.37296,0.33333,0.66667,0.0,0.33333,0.66667,0.33752,0.3013,0.74156,0.30108,2
0.0,0.33333,0.0,0.0,0.10417,0.48252,0.33333,0.66667,0.0,0.0,0.66667,0.72106,0.59668,0.5887,0.10753,2
0.0,0.33333,0.0,0.0,0.125,0.7296,0.66667,0.33333,0.0,0.33333,0.66667,0.31381,0.29537,0.66821,0.16129,2
0.33333,0.33333,0.0,0.0,0.125,0.41259,0.0,1.0,1.0,0.33333,0.66667,0.07671,0.09371,0.68006,0.33333,2
0.0,0.33333,0.0,0.0,0.08333,0.48718,0.66667,0.33333,1.0,0.0,0.66667,0.3417,0.3191,0.59711,0.31183,2
0.0,0.33333,0.0,0.0,0.20833,0.71329,0.66667,0.66667,1.0,0.0,0.66667,0.23013,0.2242,0.59711,0.16129,2
0.33333,0.33333,0.0,0.0,0.04167,0.29604,0.0,0.66667,1.0,0.66667,0.66667,0.24407,0.23606,0.91705,0.23656,2
0.0,0.33333,0.0,0.0,0.04167,0.60839,0.33333,0.33333,1.0,0.0,0.66667,0.21618,0.21234,0.96445,0.4086,2
0.0,0.66667,1.0,0.0,0.04167,0.60839,0.66667,0.66667,1.0,0.33333,0.33333,0.41144,0.37841,0.9526,0.13978,2
0.0,0.33333,0.0,0.0,0.04167,0.23776,0.33333,0.66667,0.0,0.0,0.66667,0.77824,0.64887,0.52755,0.09677,2
0.0,0.33333,0.0,0.0,0.10417,0.59907,0.33333,0.66667,0.0,0.33333,0.66667,0.43375,0.3879,0.54284,0.4086,2
0.0,0.0,0.0,0.0,0.125,0.71795,0.33333,0.33333,1.0,0.33333,0.66667,0.28591,0.27165,0.65636,0.5914,2
0.0,1.0,0.0,0.0,0.125,0.34965,0.0,0.66667,1.0,0.33333,0.66667,0.41144,0.37841,0.62081,0.52688,2
0.33333,0.33333,0.0,0.0,0.08333,0.4289,0.33333,0.66667,0.0,0.33333,0.66667,0.31799,0.293,0.71098,0.34409,2
0.0,0.0,0.0,0.0,0.04167,0.62704,0.33333,1.0,0.0,0.33333,0.66667,0.20223,0.20047,0.73931,0.33333,2
0.0,0.33333,0.0,0.0,0.0,0.32401,0.0,0.66667,0.0,0.33333,0.66667,0.32775,0.30724,0.94075,0.29032,2
0.66667,0.33333,0.0,0.0,0.125,0.55245,0.33333,0.33333,0.0,0.33333,0.66667,0.53696,0.44958,0.51416,0.09677,2
0.33333,0.33333,0.0,0.0,0.125,0.73427,0.66667,0.66667,0.0,0.33333,0.66667,0.25941,0.2325,0.61168,0.52688,2
0.0,0.33333,0.0,0.0,0.0625,0.24942,0.0,1.0,0.0,0.0,0.66667,0.47559,0.39502,0.72627,0.33333,2
0.33333,0.33333,0.0,0.0,0.04167,0.47319,0.33333,0.66667,0.0,0.33333,0.66667,0.09066,0.10558,0.54971,0.4086,2
0.33333,0.0,0.0,0.0,0.08333,0.69464,0.33333,1.0,0.0,0.33333,0.66667,0.54393,0.46145,0.52601,0.02151,2
0.0,0.33333,0.0,0.0,0.04167,0.40326,0.33333,0.66667,1.0,0.33333,0.66667,0.53696,0.48517,0.62081,0.55914,2
0.33333,1.0,0.0,0.0,0.125,0.49184,0.33333,1.0,0.0,0.33333,0.66667,0.5007,0.4484,0.66513,0.22581,2
0.0,1.0,0.0,0.0,0.0625,0.74359,0.66667,0.66667,0.0,0.0,0.66667,0.40028,0.32147,0.5964,0.36559,2
0.0,0.33333,0.0,0.0,0.08333,0.28904,0.0,0.66667,0.0,0.33333,0.66667,0.3696,0.34282,0.47861,0.52688,2
0.0,0.33333,0.0,0.0,0.08333,0.5035,0.33333,0.66667,0.0,0.0,0.66667,0.4198,0.35824,0.51226,0.16129,2
0.0,0.66667,0.0,0.0,0.125,0.7972,0.33333,0.66667,1.0,0.0,0.66667,0.3417,0.3191,0.75116,0.05376,2
0.0,0.33333,0.0,0.0,0.14583,0.29604,0.0,1.0,1.0,0.33333,0.66667,0.56485,0.5089,0.76301,0.05376,2
0.33333,0.66667,0.0,0.0,0.0625,0.45921,1.0,0.0,0.0,0.0,0.66667,0.24407,0.23606,0.77485,0.39785,2
0.33333,0.33333,0.0,0.0,0.08333,0.78322,0.66667,0.33333,0.0,0.0,0.66667,0.46722,0.44958,0.52601,0.32258,2
0.0,0.33333,0.0,0.0,0.08333,0.38928,0.66667,1.0,0.0,0.0,0.66667,0.58996,0.48399,0.72627,0.23656,2
0.33333,1.0,0.0,0.0,0.10417,0.52681,0.66667,0.66667,0.0,0.0,0.66667,0.58577,0.49466,0.44342,0.05376,2
0.33333,1.0,0.0,0.0,0.125,0.72028,0.33333,0.66667,0.0,0.33333,0.66667,0.35565,0.33096,0.8104,0.4086,2
0.0,1.0,0.0,0.0,0.04167,0.31235,0.0,1.0,1.0,0.0,0.66667,0.07671,0.09371,0.77485,0.19355,2
0.33333,0.33333,0.0,0.0,0.04167,0.56177,0.66667,0.33333,0.0,0.0,0.66667,0.49791,0.41518,0.3517,0.37634,2
0.0,0.33333,0.0,0.0,0.04167,0.79953,0.33333,0.66667,0.0,0.33333,0.66667,0.11855,0.1293,0.50231,0.21505,2
0.0,0.33333,0.0,0.0,0.04167,0.38928,0.33333,0.66667,0.0,0.0,1.0,0.58996,0.4828,0.61927,0.27957,2
0.0,0.33333,0.5,1.0,0.58333,0.50583,0.33333,0.33333,1.0,0.66667,0.66667,0.52301,0.47331,0.89335,0.05376,2
0.0,0.0,0.0,0.0,0.04167,0.73893,0.0,0.66667,0.0,0.66667,0.66667,0.5788,0.52076,0.71561,0.05376,2
0.0,0.33333,0.0,0.0,0.125,0.41725,0.33333,0.33333,1.0,0.0,0.66667,0.55091,0.46145,0.40751,0.35484,2
0.33333,0.33333,0.0,0.0,0.10417,0.43124,0.66667,1.0,0.0,0.0,0.66667,0.42538,0.33096,0.38227,0.22581,2
0.0,0.33333,0.0,0.0,0.0625,0.71096,0.66667,0.66667,0.0,0.0,1.0,0.38215,0.31198,0.68811,0.34409,2
0.0,0.33333,0.0,0.0,0.16667,0.29837,0.66667,0.66667,1.0,0.0,0.66667,0.27197,0.25979,0.9289,0.29032,2
0.33333,0.33333,0.0,0.0,0.08333,0.44056,0.66667,1.0,0.0,0.0,0.33333,0.50488,0.42112,0.54284,0.45161,2
0.0,0.33333,0.0,0.0,0.125,0.79254,0.33333,0.66667,1.0,0.0,0.66667,0.21618,0.21234,0.9526,0.52688,2
0.33333,0.33333,0.0,0.0,0.04167,0.38695,1.0,0.0,0.0,0.0,0.66667,0.04881,0.06999,0.76301,0.17204,2
0.0,0.33333,0.0,0.0,0.04167,0.60839,0.66667,1.0,0.0,0.0,0.66667,0.22036,0.21827,0.34412,0.45161,2
0.0,0.33333,0.0,0.0,0.0625,0.72028,0.66667,0.66667,0.0,0.0,0.66667,0.27755,0.23606,0.5887,0.17204,2
0.33333,1.0,0.0,0.0,0.125,0.39394,0.33333,0.66667,0.0,0.33333,0.66667,0.3152,0.28351,0.55042,0.32258,2
0.0,0.0,0.0,0.0,0.08333,0.5711,0.0,0.66667,1.0,0.0,0.66667,0.1046,0.11744,0.9052,0.05376,2
0.0,0.33333,0.0,0.0,0.125,0.68065,0.33333,0.66667,1.0,0.33333,0.66667,0.17434,0.17675,0.60896,0.32258,2
0.0,0.33333,0.0,0.0,0.08333,0.25641,0.33333,0.66667,0.0,0.0,0.66667,0.58717,0.47805,0.62697,0.44086,2
0.0,0.0,0.0,0.0,0.04167,0.56177,0.66667,0.66667,0.0,0.0,0.66667,0.47838,0.41518,0.27527,0.50538,2
0.33333,0.0,0.0,0.0,0.08333,0.68298,1.0,0.0,0.0,0.0,0.66667,0.52301,0.43772,0.54971,0.04301,2
0.0,0.33333,0.0,0.0,0.08333,0.30536,0.66667,0.33333,1.0,0.33333,0.66667,0.16039,0.16489,0.56156,0.17204,2
0.0,0.33333,0.0,0.0,0.10417,0.48485,0.66667,1.0,0.0,0.0,0.66667,0.54114,0.44721,0.5964,0.33333,2
0.0,0.33333,0.0,0.0,0.08333,0.80653,0.33333,0.66667,0.0,0.0,1.0,0.40725,0.33571,0.55812,0.24731,2
0.0,0.0,0.0,0.0,0.14583,0.38228,0.0,1.0,0.0,0.66667,0.66667,0.09066,0.10558,0.43121,0.39785,2
0.0,0.33333,0.0,0.0,0.10417,0.45455,0.33333,0.66667,0.0,0.0,0.66667,0.28033,0.23606,0.61168,0.26882,2
0.0,1.0,0.0,0.0,0.125,0.76457,0.33333,0.33333,1.0,0.33333,0.66667,0.52301,0.47331,0.63266,0.36559,2
0.33333,0.33333,0.0,0.0,0.20833,0.40093,0.33333,0.33333,0.0,0.33333,0.66667,0.32915,0.29775,0.54284,0.58065,2
0.0,0.0,0.0,0.0,0.04167,0.52448,0.33333,0.66667,0.0,0.33333,0.66667,0.19665,0.17556,0.45112,0.12903,2
0.0,1.0,0.5,1.0,0.25,0.42657,1.0,0.33333,1.0,1.0,0.66667,0.28591,0.27165,0.52601,0.52688,3
0.0,0.66667,1.0,0.0,0.08333,0.6014,0.66667,1.0,1.0,0.33333,0.66667,0.20223,0.20047,1.0,0.09677,3
0.0,1.0,0.5,1.0,0.41667,0.69464,0.66667,0.66667,1.0,0.33333,1.0,0.53696,0.48517,0.69191,0.26882,3
0.0,0.33333,0.0,0.0,0.08333,0.86014,0.0,1.0,1.0,0.66667,0.66667,0.45328,0.414,0.70376,0.17204,3
0.0,0.0,0.0,1.0,0.08333,0.35664,0.66667,1.0,0.0,0.33333,0.66667,0.43933,0.40214,0.47861,0.32258,3
0.0,0.66667,0.0,0.0,0.08333,0.40793,0.66667,1.0,1.0,0.0,0.66667,0.59275,0.53262,0.53786,0.05376,3
0.0,0.66667,0.0,0.0,0.08333,0.68998,0.66667,0.33333,1.0,0.66667,0.66667,0.32775,0.30724,0.8578,0.33333,3
0.0,0.66667,0.0,0.0,0.16667,0.82051,0.66667,0.66667,0.0,0.66667,0.66667,0.24407,0.23606,0.73931,0.05376,3
0.0,0.66667,1.0,0.0,0.04167,0.31935,1.0,0.66667,0.0,0.66667,0.66667,0.43933,0.40214,0.77485,0.02151,3
0.0,0.0,0.0,0.0,0.0625,0.61305,0.33333,1.0,0.0,1.0,0.66667,0.18828,0.18861,0.8104,0.29032,3
0.0,0.0,0.5,1.0,0.41667,0.69464,0.0,1.0,0.0,1.0,1.0,0.43933,0.40214,0.54971,0.52688,3
0.0,0.66667,0.0,0.0,0.08333,0.8648,0.66667,0.66667,1.0,0.33333,0.66667,0.46722,0.42586,0.45491,0.16129,3
0.33333,0.66667,1.0,0.0,0.16667,0.30536,0.0,1.0,0.0,0.66667,1.0,0.32775,0.30724,0.62081,0.37634,3
0.0,1.0,0.5,1.0,0.41667,0.51282,0.66667,0.33333,1.0,0.66667,0.66667,0.29986,0.28351,0.66821,0.45161,3
0.0,0.0,0.0,0.0,0.08333,0.62238,0.66667,1.0,1.0,0.33333,0.66667,0.35565,0.33096,0.72746,0.13978,3
0.33333,0.0,0.0,0.0,0.08333,0.85548,0.66667,0.66667,1.0,0.66667,0.66667,0.06276,0.08185,0.9526,0.46237,3
0.33333,0.33333,0.0,0.0,0.08333,0.33566,1.0,1.0,0.0,0.0,0.66667,0.45328,0.36062,0.34412,0.2043,3
0.0,0.66667,0.0,0.0,0.08333,0.40093,0.33333,1.0,1.0,0.33333,1.0,0.55091,0.49703,0.91705,0.34409,3
0.0,0.0,0.0,0.0,0.08333,0.78555,0.0,1.0,0.0,1.0,0.66667,0.55091,0.44958,0.77485,0.52688,3
0.0,0.0,0.0,0.0,0.04167,0.81585,0.66667,1.0,1.0,0.33333,0.66667,0.45328,0.414,0.50231,0.52688,3
0.0,0.0,0.0,0.0,0.125,0.29604,0.33333,1.0,0.0,1.0,0.66667,0.38354,0.35469,0.58526,0.25806,3
0.0,0.0,0.0,0.0,0.125,0.4662,0.33333,1.0,0.0,0.66667,0.66667,0.1325,0.14116,0.89335,0.12903,3
0.0,0.66667,0.5,1.0,0.45833,0.80886,0.66667,1.0,1.0,0.33333,0.33333,0.24407,0.23606,0.64451,0.41935,3
0.0,0.0,0.0,0.0,0.16667,0.82517,0.0,1.0,0.0,1.0,0.66667,0.3696,0.34282,0.43121,0.32258,3
0.0,1.0,0.5,1.0,0.58333,0.35431,1.0,0.66667,1.0,0.66667,0.33333,0.46722,0.42586,0.94075,0.13978,3
0.0,0.0,0.0,0.0,0.08333,0.43124,0.0,1.0,0.0,1.0,0.66667,0.29986,0.28351,0.73931,0.17204,3
0.0,0.0,0.0,0.0,0.20833,0.75991,0.0,1.0,0.0,1.0,0.66667,0.3696,0.34282,0.60896,0.51613,3
0.33333,0.33333,0.5,1.0,0.375,0.81818,0.33333,1.0,0.0,0.33333,1.0,0.56485,0.5089,0.91705,0.17204,3
0.33333,0.0,0.0,0.0,0.04167,0.40559,0.33333,1.0,0.0,0.66667,0.66667,0.55091,0.46145,0.53786,0.5914,3
0.33333,0.33333,0.5,1.0,0.375,0.4289,0.33333,1.0,0.0,0.66667,1.0,0.27197,0.25979,0.8815,0.17204,3
0.0,0.33333,0.0,0.0,0.08333,0.68298,0.0,1.0,0.0,1.0,0.66667,0.31381,0.29537,0.50231,0.62366,3
0.0,1.0,0.5,1.0,0.41667,0.86014,0.66667,0.33333,1.0,0.33333,1.0,0.14644,0.15302,0.69191,0.27957,3
0.0,0.33333,0.0,0.0,0.08333,0.32168,0.33333,0.66667,1.0,0.66667,0.66667,0.23013,0.2242,0.52601,0.34409,3
0.0,0.0,0.0,0.0,0.08333,0.49883,0.33333,1.0,0.0,1.0,0.66667,0.35565,0.33096,0.9289,0.4086,3
0.0,0.33333,0.0,0.0,0.08333,0.7366,0.0,1.0,0.0,1.0,0.66667,0.09066,0.10558,0.56156,0.33333,3
0.0,0.0,0.0,0.0,0.08333,0.82517,0.33333,1.0,1.0,0.33333,0.66667,0.53696,0.48517,0.7867,0.24731,3
0.0,0.33333,0.5,1.0,0.125,0.42657,0.33333,1.0,1.0,1.0,0.66667,0.25802,0.24792,0.62081,0.39785,3
0.0,0.0,0.0,0.0,0.08333,0.5338,0.33333,1.0,0.0,1.0,0.66667,0.5788,0.52076,0.41936,0.10753,3
0.0,1.0,0.5,1.0,0.16667,0.71795,0.66667,1.0,1.0,0.33333,0.66667,0.3417,0.3191,0.91705,0.50538,3
0.0,0.33333,0.0,0.0,0.16667,0.80186,0.66667,1.0,1.0,0.0,0.66667,0.59275,0.53262,0.66821,0.13978,3
0.0,0.0,0.0,0.0,0.08333,0.37063,0.66667,0.66667,1.0,0.33333,0.66667,0.24407,0.23606,1.0,0.25806,3
0.0,0.33333,0.0,0.0,0.08333,0.61305,0.66667,1.0,1.0,0.33333,0.66667,0.06276,0.08185,0.71561,0.22581,3
0.33333,0.33333,0.0,0.0,0.04167,0.662,0.66667,0.66667,0.0,0.66667,0.66667,0.3417,0.3191,0.98815,0.25806,3
0.0,0.0,0.0,0.0,0.08333,0.87179,0.33333,1.0,0.0,1.0,0.66667,0.53696,0.48517,0.9526,0.11828,3
0.0,1.0,0.0,0.0,0.16667,0.32867,0.66667,0.66667,1.0,0.33333,0.66667,0.14644,0.15302,0.66821,0.58065,3
0.0,0.66667,1.0,0.0,0.04167,0.53613,1.0,0.33333,0.0,0.33333,1.0,0.28591,0.27165,0.66821,0.35484,3
0.0,0.0,0.0,0.0,0.08333,0.78322,0.0,1.0,0.0,1.0,0.66667,0.31381,0.29537,0.75116,0.21505,3
0.0,0.33333,0.0,0.0,0.125,0.83916,0.33333,1.0,1.0,0.33333,0.66667,0.24407,0.23606,0.75116,0.50538,3
0.0,0.0,0.0,0.0,0.08333,0.29138,0.33333,1.0,0.0,0.66667,0.66667,0.11855,0.1293,0.63266,0.55914,3
0.0,0.66667,1.0,0.0,0.08333,0.61072,0.0,1.0,0.0,0.66667,1.0,0.16039,0.16489,0.56156,0.11828,3
0.0,0.0,0.0,0.0,0.125,0.65501,0.33333,1.0,1.0,1.0,0.66667,0.52301,0.46145,0.68006,0.23656,3
0.0,0.0,0.0,0.0,0.08333,0.85082,0.33333,1.0,0.0,0.66667,0.66667,0.23013,0.2242,0.60896,0.16129,3
0.0,0.0,0.0,0.0,0.125,0.30536,0.33333,1.0,0.0,1.0,0.66667,0.31381,0.29537,0.70376,0.84946,3
0.0,0.33333,0.5,1.0,0.125,0.52448,0.66667,0.66667,0.0,0.66667,0.66667,0.16039,0.16489,0.56156,0.50538,3
0.33333,0.66667,1.0,0.0,0.08333,0.64802,1.0,0.66667,1.0,0.66667,0.66667,0.24407,0.23606,0.9289,0.09677,3
0.0,0.0,0.0,0.0,0.08333,0.81585,0.66667,1.0,1.0,0.33333,0.66667,0.55091,0.49703,0.89335,0.21505,3
0.0,0.66667,1.0,0.0,0.16667,0.28904,0.33333,1.0,1.0,0.33333,1.0,0.43933,0.40214,0.8578,0.47312,3
0.0,0.0,0.0,0.0,0.04167,0.44988,0.0,1.0,0.0,1.0,0.66667,0.16039,0.16489,0.8815,0.30108,3
0.0,0.66667,0.0,0.0,0.04167,0.7296,0.66667,0.66667,0.0,0.66667,0.66667,0.17434,0.17675,0.8104,0.45161,3
0.0,0.0,0.0,0.0,0.08333,0.82751,0.0,1.0,0.0,1.0,0.66667,0.42538,0.39027,0.73931,0.52688,3
0.0,0.33333,0.5,1.0,0.20833,0.31702,0.66667,1.0,0.0,0.66667,0.66667,0.16039,0.16489,0.76301,0.17204,3
0.0,0.66667,0.0,0.0,0.0,0.5641,0.66667,1.0,1.0,0.33333,0.66667,0.1325,0.14116,0.45491,0.17204,3
0.0,0.33333,0.5,1.0,0.41667,0.75524,0.33333,0.33333,1.0,0.66667,1.0,0.38354,0.35469,0.8104,0.46237,3
0.0,1.0,0.0,0.0,0.04167,0.82284,0.66667,1.0,1.0,0.66667,0.66667,0.55091,0.49703,0.8104,0.50538,3
0.33333,0.33333,0.5,1.0,0.375,0.34266,0.66667,1.0,0.0,0.66667,1.0,0.29986,0.28351,0.79855,0.17204,3
0.0,0.0,0.0,0.0,0.16667,0.45688,0.0,1.0,0.0,1.0,0.66667,0.09066,0.10558,0.56156,0.5914,3
0.0,0.0,0.0,0.0,0.125,0.77156,0.66667,1.0,1.0,0.66667,0.66667,0.52301,0.47331,0.41936,0.43011,3
0.0,0.0,0.0,0.0,0.125,0.85082,0.0,1.0,0.0,1.0,0.66667,0.29986,0.28351,0.66821,0.09677,3
0.0,1.0,0.0,0.0,0.125,0.35897,1.0,0.66667,1.0,0.33333,0.66667,0.25802,0.24792,0.60896,0.06452,3
0.0,0.66667,0.0,0.0,0.08333,0.55012,0.33333,1.0,0.0,1.0,0.66667,0.09066,0.10558,0.56156,0.4086,3
0.0,1.0,0.0,0.0,0.125,0.77622,0.33333,1.0,1.0,0.66667,0.66667,0.25802,0.24792,0.59711,0.52688,3
0.0,0.66667,0.5,1.0,0.41667,0.84615,0.33333,1.0,1.0,0.66667,0.66667,0.38354,0.35469,0.86965,0.30108,3
0.0,0.33333,0.0,0.0,0.08333,0.37063,0.33333,1.0,1.0,0.33333,0.66667,0.29986,0.28351,0.54971,0.17204,3
0.0,0.0,0.0,0.0,0.08333,0.45221,0.33333,1.0,1.0,0.33333,0.66667,0.1046,0.11744,0.89335,0.39785,3
0.0,1.0,0.0,0.0,0.04167,0.74359,1.0,0.33333,1.0,0.66667,0.66667,0.5788,0.52076,0.68006,0.29032,3
0.0,0.0,0.0,0.0,0.125,0.39627,0.33333,0.66667,0.0,1.0,0.66667,0.07671,0.09371,0.50231,0.29032,3
0.0,1.0,0.0,0.0,0.14583,0.42657,0.33333,1.0,1.0,0.33333,0.66667,0.38354,0.35469,0.84595,0.51613,3
0.0,0.33333,0.0,0.0,0.08333,0.75058,0.66667,1.0,0.0,0.0,1.0,0.61088,0.51957,0.3517,0.15054,3
0.0,1.0,0.0,0.0,0.04167,0.42191,0.66667,1.0,1.0,0.0,0.66667,0.39749,0.36655,0.44306,0.51613,3
0.0,0.0,0.0,0.0,0.125,0.49417,0.33333,1.0,0.0,1.0,0.66667,0.55091,0.44958,0.73931,0.04301,3
0.0,1.0,0.5,1.0,0.375,0.71096,0.66667,1.0,1.0,0.66667,0.66667,0.25802,0.24792,0.65636,0.24731,3
0.0,0.33333,0.0,0.0,0.04167,0.35198,0.66667,0.66667,1.0,0.33333,0.66667,0.20223,0.20047,0.45491,0.32258,3
0.33333,0.66667,1.0,0.0,0.04167,0.56643,0.33333,1.0,1.0,0.0,1.0,0.18828,0.18861,0.77485,0.4086,3
0.0,1.0,0.0,0.0,0.08333,0.72028,0.33333,1.0,1.0,0.33333,0.66667,0.51604,0.43772,0.94075,0.05376,3
0.0,0.0,0.0,0.0,0.16667,0.331,0.0,1.0,0.0,1.0,0.66667,0.27197,0.25979,0.68006,0.39785,3
0.33333,0.66667,1.0,0.0,0.08333,0.53613,0.33333,1.0,1.0,0.66667,0.66667,0.41144,0.37841,0.44306,0.13978,3
0.0,0.33333,0.0,0.0,0.125,0.6317,0.66667,1.0,1.0,0.33333,0.66667,0.53417,0.46145,0.76301,0.08602,3
0.0,0.0,0.0,0.0,0.16667,0.31235,0.33333,1.0,0.0,0.66667,0.66667,0.31381,0.29537,0.73931,0.52688,3
0.0,1.0,0.0,0.0,0.125,0.53846,1.0,1.0,1.0,0.0,0.66667,0.5788,0.52076,0.79855,0.52688,3
0.0,0.66667,1.0,0.0,0.125,0.65268,1.0,0.66667,1.0,0.33333,0.33333,0.31381,0.29537,0.58526,0.37634,3
0.33333,0.66667,0.0,0.0,0.125,0.32867,0.33333,1.0,1.0,0.33333,0.66667,0.43933,0.40214,0.65636,0.84946,3
0.0,0.0,0.0,0.0,0.08333,0.5338,0.33333,1.0,0.0,0.66667,0.66667,0.17434,0.17675,0.57341,0.22581,3
0.0,0.66667,0.0,0.0,0.04167,0.70862,0.33333,1.0,1.0,1.0,0.66667,0.42538,0.39027,0.77485,0.04301,3
0.0,0.0,0.0,0.0,0.125,0.29138,0.33333,1.0,1.0,1.0,0.66667,0.59275,0.53262,0.44306,0.73118,3
0.33333,0.33333,0.0,0.0,0.08333,0.44056,0.66667,1.0,0.0,0.33333,0.66667,0.21339,0.18387,0.64984,0.55914,3
0.0,1.0,0.0,0.0,0.16667,0.76923,0.66667,0.33333,1.0,0.66667,0.66667,0.43933,0.40214,0.52601,0.21505,3
0.0,0.33333,0.0,0.0,0.16667,0.38228,0.66667,1.0,1.0,0.33333,0.66667,0.24407,0.23606,0.65636,0.23656,3
0.0,1.0,0.0,0.0,0.08333,0.46154,0.0,1.0,0.0,1.0,0.66667,0.42538,0.39027,0.72746,0.22581,3
0.33333,0.66667,1.0,0.0,0.08333,0.60606,1.0,1.0,0.0,0.33333,0.33333,0.53696,0.48517,0.9052,0.58065,3
0.0,0.0,0.0,0.0,0.08333,0.338,0.0,1.0,1.0,0.66667,0.66667,0.52301,0.47331,0.9289,0.29032,3
0.0,0.66667,1.0,0.0,0.04167,0.42191,1.0,0.66667,1.0,0.0,0.66667,0.43933,0.40214,0.94075,0.30108,3
0.0,1.0,0.5,1.0,0.58333,0.72494,0.33333,0.66667,1.0,1.0,0.66667,0.45328,0.414,0.44306,0.32258,3
0.0,0.0,0.0,0.0,0.08333,0.41725,0.33333,1.0,0.0,1.0,0.66667,0.09066,0.10558,0.51416,0.4086,3
0.0,0.33333,0.0,0.0,0.14583,0.55711,0.33333,0.66667,1.0,0.66667,0.66667,0.38354,0.35469,0.9763,0.13978,3
0.0,0.0,0.0,0.0,0.08333,0.669,0.0,1.0,0.0,1.0,0.66667,0.21618,0.21234,0.44306,0.45161,3
0.0,0.66667,1.0,0.0,0.125,0.40559,1.0,0.33333,1.0,0.33333,0.66667,0.53668,0.46145,0.41936,0.19355,3
0.0,0.0,0.0,0.0,0.125,0.58042,0.33333,0.66667,0.0,1.0,0.66667,0.3417,0.3191,0.86965,0.15054,3
0.0,0.0,0.0,0.0,0.04167,0.79021,1.0,1.0,1.0,0.33333,0.66667,0.53696,0.44958,0.94075,0.46237,3
0.0,0.66667,1.0,0.0,0.125,0.37063,0.66667,1.0,1.0,0.33333,0.33333,0.11855,0.1293,0.58526,0.5914,3
0.0,0.66667,1.0,0.0,0.04167,0.54079,1.0,0.66667,0.0,0.66667,1.0,0.14644,0.15302,0.94075,0.23656,3
0.33333,0.0,0.0,0.0,0.08333,0.81585,0.66667,1.0,1.0,0.33333,0.66667,0.38354,0.35469,0.43121,0.33333,3
0.0,0.0,0.0,0.0,0.08333,0.338,0.33333,1.0,0.0,1.0,0.66667,0.16039,0.16489,0.41936,0.12903,3
0.0,1.0,0.0,0.0,0.125,0.6317,0.33333,0.66667,0.0,1.0,0.66667,0.16039,0.16489,0.40751,0.50538,3
0.0,0.33333,0.0,0.0,0.08333,0.7366,0.33333,1.0,1.0,1.0,0.66667,0.3417,0.3191,0.69191,0.13978,3
0.0,0.66667,1.0,0.0,0.125,0.32401,1.0,1.0,0.0,0.0,0.66667,0.27197,0.25979,0.7867,0.23656,3
0.33333,0.66667,1.0,0.0,0.04167,0.28904,1.0,0.66667,1.0,0.66667,1.0,0.24407,0.23606,0.86965,0.51613,4
0.0,0.0,0.5,1.0,0.375,0.47786,1.0,1.0,1.0,1.0,1.0,0.18828,0.18861,0.9052,0.16129,4
0.33333,0.0,0.5,1.0,0.41667,0.65967,0.66667,1.0,0.0,1.0,1.0,0.18828,0.18861,0.53786,0.52688,4
