0.0,0.33333,0.0,0.0,0.08333,0.43357,0.66667,0.66667,0.0,0.0,0.0,0.20502,0.1637,0.38227,0.47312,1
0.0,0.33333,0.0,0.0,0.08333,0.31935,0.33333,0.33333,0.0,0.0,0.66667,0.54114,0.38434,0.48928,0.05376,1
0.33333,0.33333,0.0,0.0,0.125,0.41725,0.33333,0.33333,0.0,0.0,0.66667,0.41283,0.3618,0.61168,0.63441,1
0.0,0.33333,0.0,0.0,0.04167,0.38928,0.66667,0.0,0.0,0.0,0.66667,0.1841,0.15658,0.42055,0.50538,1
0.0,0.66667,0.0,0.0,0.08333,0.39394,0.33333,0.0,0.0,0.0,0.66667,0.32775,0.30724,0.72746,0.53763,1
0.33333,0.0,0.0,0.0,0.0625,0.37995,0.0,0.0,0.0,0.0,0.66667,0.55091,0.49703,0.57341,0.50538,1
0.33333,0.33333,0.0,0.0,0.04167,0.29138,0.33333,0.0,0.0,0.0,0.66667,0.41144,0.37841,0.45491,0.13978,1
0.33333,1.0,0.0,0.0,0.08333,0.30303,0.33333,0.0,0.0,0.0,0.66667,0.23013,0.2242,0.8104,0.49462,1
0.33333,0.0,0.0,0.0,0.16667,0.37063,0.0,0.33333,0.0,0.33333,0.66667,0.04881,0.06999,0.45491,0.34409,1
0.0,0.33333,0.0,0.0,0.10417,0.53147,0.33333,0.0,0.0,0.0,1.0,0.47141,0.40569,0.37469,0.35484,1
0.33333,0.33333,0.0,0.0,0.0625,0.49883,0.0,0.33333,0.0,0.0,0.66667,0.61506,0.50771,0.54284,0.43011,1
0.33333,0.33333,0.0,0.0,0.08333,0.4965,0.33333,0.33333,0.0,0.0,0.33333,0.51464,0.42942,0.32113,1.0,1
0.33333,0.33333,0.0,0.0,0.04167,0.50816,0.0,0.33333,0.0,0.0,0.66667,0.5523,0.45433,0.74156,0.07527,1
0.0,0.33333,0.0,0.0,0.10417,0.58508,0.33333,0.33333,0.0,0.0,0.66667,0.48815,0.40569,0.72627,0.62366,1
0.0,0.33333,0.0,0.0,0.04167,0.54545,0.33333,0.33333,0.0,0.0,0.66667,0.47838,0.40451,0.63455,0.23656,1
0.0,0.33333,0.0,0.0,0.08333,0.61538,0.33333,0.33333,0.0,0.0,0.66667,0.25105,0.21352,0.46641,0.37634,1
0.33333,0.33333,0.0,0.0,0.08333,0.55711,0.0,0.33333,0.0,0.33333,0.66667,0.23013,0.2242,0.54971,0.17204,1
0.33333,0.0,0.0,0.0,0.16667,0.49883,0.33333,0.33333,0.0,0.0,0.33333,0.28591,0.27165,0.73931,0.27957,1
0.33333,0.33333,0.0,0.0,0.125,0.45221,0.33333,0.33333,0.0,0.33333,0.33333,0.56485,0.5089,0.51416,0.23656,1
0.33333,1.0,0.0,0.0,0.08333,0.45221,0.0,0.33333,0.0,0.33333,0.33333,0.18828,0.18861,0.62081,0.10753,1
0.33333,0.33333,0.0,0.0,0.125,0.48951,0.33333,0.0,0.0,0.33333,0.66667,0.20223,0.20047,0.96445,0.2043,1
0.33333,1.0,0.0,0.0,0.08333,0.48718,0.33333,0.0,0.0,0.0,0.66667,0.17434,0.17675,0.57341,0.24731,1
0.33333,0.33333,0.0,0.0,0.04167,0.5338,0.33333,0.33333,0.0,0.33333,0.33333,0.06276,0.08185,0.69191,0.25806,1
0.33333,0.33333,0.0,0.0,0.10417,0.48019,0.33333,0.33333,0.0,0.33333,0.0,0.3696,0.34282,0.94075,0.17204,1
0.0,0.33333,0.0,0.0,0.04167,0.49883,0.0,0.33333,0.0,0.0,0.66667,0.46722,0.46145,0.68006,0.11828,1
0.33333,0.33333,0.0,0.0,0.0625,0.5711,0.33333,0.0,0.0,0.0,0.66667,0.59275,0.53262,0.47861,0.17204,1
0.33333,0.66667,0.0,0.0,0.08333,0.53613,0.0,0.0,0.0,0.0,0.66667,0.14644,0.15302,0.54971,0.15054,1
0.33333,0.66667,0.0,0.0,0.08333,0.57809,0.33333,0.0,0.0,0.0,0.66667,0.55091,0.44958,0.75116,0.33333,1
0.33333,0.66667,0.0,0.0,0.0625,0.55012,0.33333,0.0,0.0,0.0,0.66667,0.55091,0.49703,0.46676,0.17204,1
0.33333,0.66667,0.0,0.0,0.04167,0.55245,0.33333,0.0,0.0,0.0,0.66667,0.28591,0.27165,0.75116,0.12903,1
0.0,0.33333,0.0,0.0,0.0625,0.78788,0.33333,0.33333,0.0,0.0,0.66667,0.51604,0.42705,0.62697,0.34409,1
0.0,0.33333,0.0,0.0,0.04167,0.69231,0.33333,0.33333,0.0,0.0,0.66667,0.20642,0.17319,0.28285,0.16129,1
0.0,0.33333,0.0,0.0,0.0625,0.82051,0.33333,0.33333,0.0,0.0,0.66667,0.15063,0.13286,0.31343,0.52688,1
0.0,0.33333,0.0,0.0,0.04167,0.80653,0.0,0.33333,0.0,0.33333,0.66667,0.29986,0.28351,0.76301,0.11828,1
0.0,0.33333,0.0,0.0,0.10417,0.70862,0.33333,0.0,0.0,0.33333,0.66667,0.25802,0.24792,0.73931,0.19355,1
0.0,0.0,0.0,0.0,0.16667,0.68531,0.33333,0.33333,0.0,0.0,0.66667,0.55091,0.49703,0.91705,0.37634,1
0.0,0.0,0.0,0.0,0.08333,0.68298,0.33333,0.33333,1.0,0.0,0.33333,0.46722,0.42586,0.54971,0.34409,1
0.33333,1.0,0.0,0.0,0.0625,0.72028,0.0,0.0,0.0,0.0,0.66667,0.23013,0.2242,0.96445,0.32258,1
0.33333,0.33333,0.0,0.0,0.04167,0.68531,0.33333,0.0,0.0,0.0,0.66667,0.3417,0.3191,0.52601,0.05376,1
0.33333,0.0,0.0,0.0,0.08333,0.63636,0.33333,0.0,0.0,0.0,0.66667,0.23013,0.2242,0.79855,0.39785,1
0.33333,0.66667,0.0,0.0,0.0625,0.70862,0.33333,0.0,0.0,0.0,0.66667,0.46722,0.42586,0.65636,0.23656,1
0.33333,0.66667,0.0,0.0,0.0625,0.64103,0.33333,0.0,0.0,0.0,0.66667,0.25802,0.24792,0.64451,0.33333,1
0.33333,1.0,0.0,0.0,0.08333,0.662,0.0,0.33333,0.0,0.33333,0.66667,0.42538,0.39027,0.98815,0.52688,1
0.0,0.0,0.0,0.0,0.04167,0.68765,0.0,0.33333,0.0,0.33333,0.66667,0.04881,0.06999,0.52601,0.16129,1
0.0,0.33333,0.0,0.0,0.08333,0.35431,0.0,1.0,0.0,0.0,1.0,0.51185,0.42586,0.54284,0.16129,2
0.0,0.33333,0.0,0.0,0.0625,0.24009,0.33333,0.66667,0.0,0.0,1.0,0.38633,0.31435,0.74156,0.36559,2
0.0,0.33333,0.0,0.0,0.04167,0.21445,0.66667,1.0,0.0,0.0,0.66667,0.48815,0.40214,0.56571,0.3871,2
0.0,0.33333,0.0,0.0,0.0625,0.24009,0.66667,1.0,0.0,0.0,0.66667,0.61785,0.49466,0.46641,0.33333,2
0.0,0.33333,0.0,0.0,0.08333,0.22844,0.66667,0.66667,0.0,0.0,0.66667,0.42957,0.34875,0.52755,0.39785,2
0.33333,0.33333,0.0,0.0,0.16667,0.2634,0.33333,0.66667,0.0,0.33333,0.66667,0.24547,0.23132,0.52755,0.88172,2
0.33333,0.33333,0.0,0.0,0.08333,0.27972,0.33333,0.33333,0.0,0.33333,0.66667,0.36541,0.33571,0.48928,0.33333,2
0.33333,0.33333,0.0,0.0,0.0625,0.44056,0.66667,0.66667,0.0,0.0,0.66667,0.0,0.0,0.29056,0.17204,2
0.0,0.33333,0.0,0.0,0.0625,0.42191,0.33333,0.66667,0.0,0.0,0.66667,0.33194,0.27165,0.25998,0.29032,2
0.0,0.33333,0.0,0.0,0.10417,0.43823,0.33333,0.66667,0.0,0.0,0.66667,0.25662,0.18624,0.38998,0.52688,2
0.0,0.33333,0.0,0.0,0.08333,0.29371,0.33333,0.66667,0.0,0.0,0.66667,0.48954,0.41756,0.45112,0.05376,2
0.0,0.33333,0.0,0.0,0.08333,0.41259,0.33333,0.66667,0.0,0.0,0.66667,0.59554,0.48399,0.45112,0.29032,2
0.0,0.33333,0.0,0.0,0.10417,0.40793,0.33333,0.66667,0.0,0.0,0.66667,0.25802,0.24792,0.41936,0.39785,2
0.33333,0.0,0.0,0.0,0.10417,0.41725,0.66667,0.33333,0.0,0.0,0.66667,0.20223,0.20047,0.44306,0.24731,2
0.0,0.33333,0.0,0.0,0.04167,0.30303,0.66667,0.33333,0.0,0.33333,0.66667,0.56485,0.5089,0.68006,0.26882,2
0.0,0.66667,1.0,1.0,0.41667,0.33566,0.0,1.0,1.0,0.0,0.33333,0.25802,0.24792,0.58526,0.24731,2
0.0,1.0,0.5,1.0,0.45833,0.29371,0.0,0.33333,1.0,1.0,0.66667,0.53696,0.48517,0.45491,0.16129,2
0.0,0.66667,1.0,0.0,0.16667,0.4359,0.0,0.66667,1.0,0.33333,1.0,0.1046,0.11744,0.65636,0.32258,2
0.33333,0.66667,1.0,0.0,0.04167,0.34266,0.33333,1.0,0.0,0.0,1.0,0.18828,0.18861,0.49046,0.37634,2
0.0,0.66667,1.0,0.0,0.125,0.32867,0.66667,1.0,0.0,0.33333,0.33333,0.17434,0.17675,0.40751,0.5914,2
0.0,1.0,0.0,0.0,0.125,0.30769,0.33333,1.0,0.0,0.33333,0.66667,0.39749,0.36655,0.47861,0.10753,2
0.33333,0.0,0.0,0.0,0.0625,0.31002,1.0,0.0,0.0,0.0,0.66667,0.18828,0.18861,0.7867,0.66667,2
0.33333,0.0,0.0,0.0,0.04167,0.34266,1.0,0.0,0.0,0.0,0.66667,0.32775,0.30724,0.66821,0.73118,2
0.33333,0.33333,0.0,0.0,0.04167,0.42191,0.0,0.33333,0.0,1.0,0.66667,0.32775,0.30724,0.43121,0.30108,2
0.33333,0.33333,0.0,0.0,0.08333,0.37762,0.0,0.66667,1.0,0.33333,0.66667,0.38354,0.35469,0.53786,0.22581,2
0.33333,0.0,0.0,0.0,0.20833,0.40793,0.0,1.0,0.0,0.33333,0.66667,0.06276,0.08185,0.70376,0.05376,2
0.33333,0.0,0.0,0.0,0.08333,0.37296,0.0,0.66667,0.0,0.66667,0.66667,0.16039,0.16489,0.64451,0.34409,2
0.0,0.0,0.0,0.0,0.125,0.38462,0.0,0.66667,0.0,0.66667,0.66667,0.14644,0.15302,0.66821,0.05376,2
0.0,0.0,0.0,0.0,0.16667,0.37296,0.0,0.33333,0.0,1.0,0.66667,0.21618,0.21234,0.9763,0.05376,2
0.0,0.33333,0.0,0.0,0.14583,0.38462,0.33333,0.66667,1.0,0.33333,0.66667,0.06276,0.08185,0.71561,0.16129,2
0.0,0.0,0.0,0.0,0.04167,0.40559,0.0,1.0,1.0,0.33333,0.66667,0.04881,0.06999,0.56156,0.16129,2
0.0,0.33333,0.0,0.0,0.08333,0.3007,0.33333,0.66667,1.0,0.33333,0.66667,0.06276,0.08185,0.8104,0.16129,2
0.0,0.0,0.0,0.0,0.125,0.34033,0.0,1.0,1.0,0.33333,0.66667,0.46722,0.42586,0.46676,0.24731,2
0.0,1.0,0.0,0.0,0.04167,0.38928,0.33333,0.33333,1.0,0.33333,0.66667,0.1325,0.14116,0.45491,0.24731,2
0.0,0.0,0.0,0.0,0.14583,0.30536,0.66667,0.66667,1.0,0.0,0.66667,0.52301,0.47331,0.69191,0.23656,2
0.0,0.66667,0.0,0.0,0.08333,0.42424,0.66667,0.66667,1.0,0.0,0.66667,0.29986,0.28351,0.64451,0.37634,2
0.0,0.33333,0.0,0.0,0.04167,0.45688,0.66667,1.0,0.0,0.0,0.66667,0.54951,0.46738,0.5887,0.47312,2
0.0,0.33333,0.0,0.0,0.08333,0.58508,0.0,1.0,0.0,0.0,1.0,0.31939,0.25741,0.66513,0.25806,2
0.0,0.33333,0.0,0.0,0.04167,0.55944,0.66667,0.66667,0.0,0.0,0.66667,0.40586,0.36299,0.72627,0.21505,2
0.0,0.33333,0.0,0.0,0.04167,0.6014,1.0,0.66667,0.0,0.0,0.66667,0.4742,0.38909,0.66513,0.23656,2
0.33333,0.33333,0.0,0.0,0.04167,0.58275,0.66667,0.33333,0.0,0.0,0.66667,0.32078,0.27521,0.38227,0.15054,2
0.33333,0.33333,0.0,0.0,0.0625,0.50583,0.33333,0.66667,0.0,0.0,0.66667,0.7894,0.6465,0.60398,0.3871,2
0.0,0.33333,0.0,0.0,0.04167,0.44289,0.66667,0.66667,0.0,0.33333,0.66667,0.58996,0.50771,0.48928,0.12903,2
1.0,0.0,0.0,0.0,0.14583,0.48718,0.0,0.66667,0.0,0.33333,0.66667,0.56206,0.50178,0.57341,0.21505,2
0.33333,0.33333,0.0,0.0,0.08333,0.4359,0.33333,0.66667,0.0,0.0,0.66667,0.35286,0.29537,0.55042,0.22581,2
0.33333,1.0,0.0,0.0,0.04167,0.4965,0.33333,0.66667,0.0,0.0,0.66667,0.42538,0.35231,0.40526,0.17204,2
0.0,0.33333,0.0,0.0,0.04167,0.6317,0.33333,0.66667,0.0,0.0,0.66667,0.26081,0.23606,0.32871,0.17204,2
0.0,0.0,0.0,0.0,0.0625,0.62005,0.66667,0.33333,0.0,0.0,0.66667,0.49651,0.40332,0.29814,0.39785,2
0.0,1.0,0.0,0.0,0.0625,0.52914,0.66667,0.66667,0.0,0.0,0.66667,0.31939,0.28826,0.43583,0.17204,2
0.33333,0.33333,0.0,0.0,0.10417,0.47319,0.66667,0.0,0.0,0.33333,0.66667,0.45649,0.43772,0.63266,0.23656,2
0.33333,0.33333,0.0,0.0,0.04167,0.53147,0.33333,0.33333,0.0,0.33333,0.66667,0.07671,0.09371,0.7867,0.21505,2
0.33333,1.0,0.0,0.0,0.04167,0.5641,0.66667,0.33333,0.0,0.33333,0.66667,0.46722,0.43772,0.89335,0.10753,2
0.33333,0.33333,0.0,0.0,0.125,0.5641,0.33333,0.33333,0.0,0.33333,0.66667,0.24407,0.23606,0.98815,0.05376,2
0.0,0.33333,1.0,0.0,0.04167,0.45688,0.66667,0.33333,0.0,0.33333,0.66667,0.59275,0.53262,0.91705,0.21505,2
0.0,0.33333,1.0,0.0,0.125,0.51049,0.0,0.66667,1.0,0.33333,0.66667,0.55091,0.46145,0.65636,0.55914,2
0.0,0.66667,1.0,0.0,0.25,0.54545,0.0,0.66667,1.0,0.33333,0.33333,0.07671,0.09371,0.68006,0.53763,2
0.0,0.66667,1.0,0.0,0.04167,0.5035,0.0,1.0,0.0,0.33333,0.66667,0.17434,0.17675,0.77485,0.22581,2
0.0,0.66667,1.0,0.0,0.08333,0.48951,0.0,0.66667,1.0,0.0,1.0,0.38354,0.35469,0.79855,0.32258,2
0.0,0.66667,0.0,0.0,0.04167,0.6014,0.0,1.0,0.0,0.0,0.66667,0.3696,0.34282,0.76301,0.32258,2
0.0,1.0,0.0,0.0,0.08333,0.54779,1.0,0.66667,0.0,0.0,0.66667,0.09066,0.10558,0.45491,0.88172,2
0.0,1.0,0.0,0.0,0.08333,0.51748,0.33333,0.33333,1.0,0.33333,1.0,0.17434,0.17675,0.54971,0.22581,2
0.0,1.0,0.0,0.0,0.04167,0.56177,0.0,0.66667,0.0,0.33333,0.66667,0.09066,0.10558,0.96445,0.29032,2
0.33333,0.33333,0.0,0.0,0.0625,0.59907,1.0,0.0,0.0,0.0,0.66667,0.21618,0.21234,0.57341,0.16129,2
0.33333,0.33333,0.0,0.0,0.125,0.62471,0.0,0.66667,1.0,0.33333,0.66667,0.18828,0.18861,0.77485,0.34409,2
0.0,1.0,0.0,0.0,0.125,0.58275,0.0,0.66667,0.0,0.66667,0.66667,0.09066,0.10558,0.64451,0.17204,2
0.0,1.0,0.0,0.0,0.125,0.5035,0.0,1.0,0.0,0.33333,0.66667,0.14644,0.15302,0.51416,0.16129,2
0.0,0.33333,0.0,1.0,0.08333,0.51748,0.33333,0.66667,0.0,0.0,0.66667,0.55091,0.49703,0.58526,0.66667,2
0.0,1.0,0.0,0.0,0.08333,0.44289,0.0,0.66667,0.0,0.66667,0.66667,0.14644,0.15302,0.60896,0.17204,2
0.0,0.0,0.0,0.0,0.0,0.58974,0.0,0.66667,0.0,1.0,0.66667,0.3417,0.3191,0.9526,0.39785,2
0.0,0.0,0.0,0.0,0.125,0.56643,0.0,0.66667,0.0,1.0,0.66667,0.1046,0.11744,0.96445,0.29032,2
0.0,0.0,0.0,0.0,0.125,0.6014,0.0,1.0,0.0,0.66667,0.66667,0.28591,0.27165,0.73931,0.34409,2
0.0,0.0,0.0,0.0,0.08333,0.53147,0.33333,0.66667,1.0,0.33333,0.66667,0.56485,0.5089,0.51416,0.39785,2
0.0,0.33333,0.0,0.0,0.08333,0.55245,0.33333,0.66667,1.0,0.0,0.66667,0.39749,0.36655,0.9289,0.11828,2
0.0,1.0,0.0,0.0,0.16667,0.43124,0.33333,0.66667,1.0,0.33333,0.66667,0.14644,0.15302,0.84595,0.17204,2
0.0,0.33333,0.0,0.0,0.125,0.57576,0.0,0.33333,1.0,0.33333,0.66667,0.14644,0.15302,0.63266,0.66667,2
0.0,0.33333,0.0,0.0,0.08333,0.44289,0.33333,0.33333,1.0,0.0,0.66667,0.55091,0.49703,0.9763,0.1828,2
0.0,0.66667,0.0,0.0,0.08333,0.4359,0.66667,0.33333,1.0,0.0,0.66667,0.52301,0.47331,0.53786,0.41935,2
0.0,1.0,0.0,0.0,0.08333,0.52448,0.33333,0.33333,1.0,0.33333,0.66667,0.21618,0.21234,0.69191,0.27957,2
0.0,0.33333,0.0,0.0,0.16667,0.46154,0.33333,0.33333,1.0,0.33333,0.66667,0.46722,0.42586,0.53786,0.55914,2
0.0,1.0,0.0,0.0,0.125,0.50816,0.66667,0.66667,1.0,0.0,0.66667,0.04881,0.06999,0.46676,0.39785,2
0.0,1.0,0.0,0.0,0.04167,0.61305,0.66667,0.66667,1.0,0.0,0.66667,0.18828,0.18861,0.70376,0.4086,2
0.0,0.33333,0.0,0.0,0.0625,0.67133,0.66667,1.0,0.0,0.0,0.66667,0.39331,0.32384,0.67283,0.16129,2
0.0,0.33333,0.0,0.0,0.04167,0.69697,0.33333,0.66667,0.0,0.0,1.0,0.2371,0.18861,0.48928,0.34409,2
0.0,0.33333,0.0,0.0,0.08333,0.71329,0.33333,0.66667,0.0,0.0,1.0,0.42259,0.3535,0.52755,0.06452,2
0.0,0.33333,0.0,0.0,0.08333,0.63636,0.33333,0.66667,0.0,0.0,0.66667,0.40307,0.33571,0.63455,0.58065,2
0.0,0.33333,0.0,0.0,0.10417,0.72727,0.66667,1.0,0.0,0.0,0.66667,0.51604,0.42705,0.63455,0.51613,2
0.0,0.33333,0.0,0.0,0.0625,0.64569,0.33333,0.33333,0.0,0.0,1.0,0.59275,0.49229,0.5887,0.24731,2
0.33333,0.33333,0.0,0.0,0.04167,0.66434,0.66667,1.0,0.0,0.0,0.66667,0.39888,0.29775,0.3517,0.2043,2
0.33333,0.33333,0.0,0.0,0.0625,0.59207,0.66667,0.66667,0.0,0.0,0.33333,1.0,0.83511,0.43583,0.98925,2
0.0,0.33333,0.0,0.0,0.0625,0.75758,0.33333,0.66667,0.0,0.0,0.66667,0.48257,0.38434,0.61168,0.44086,2
0.0,0.33333,0.0,0.0,0.125,0.77389,0.66667,0.66667,0.0,0.33333,0.66667,0.28591,0.26572,0.54284,0.33333,2
0.0,0.33333,0.0,0.0,0.125,0.78788,0.33333,0.66667,0.0,0.33333,0.66667,0.24268,0.23132,0.55042,0.32258,2
0.33333,0.33333,0.0,0.0,0.04167,0.75991,0.33333,0.33333,0.0,0.33333,0.66667,0.30823,0.27046,0.65754,0.22581,2
0.33333,0.33333,0.0,0.0,0.08333,0.65967,0.33333,0.66667,0.0,0.33333,0.66667,0.3696,0.32622,0.58111,0.29032,2
0.33333,0.33333,0.0,0.0,0.04167,0.72727,0.33333,1.0,0.0,0.33333,0.66667,0.42399,0.37604,0.65754,0.05376,2
0.33333,0.33333,0.0,0.0,0.08333,0.64569,0.33333,0.66667,0.0,0.33333,0.66667,0.51464,0.46975,0.61927,0.52688,2
0.0,0.33333,0.0,0.0,0.04167,0.72028,0.33333,0.66667,0.0,0.0,0.66667,0.27755,0.22539,0.3594,0.05376,2
0.0,1.0,0.0,0.0,0.0625,0.68531,0.33333,0.66667,0.0,0.0,0.66667,0.28173,0.24555,0.0,0.39785,2
0.0,0.33333,0.0,0.0,0.04167,0.66667,0.33333,0.66667,0.0,0.0,0.66667,0.36541,0.31079,0.36699,0.05376,2
0.0,0.33333,0.0,0.0,0.0625,0.74592,0.33333,0.66667,0.0,0.0,0.66667,0.22315,0.20641,0.48169,0.4086,2
0.33333,0.33333,0.0,0.0,0.125,0.73193,0.66667,0.66667,0.0,0.33333,0.66667,0.46722,0.43772,1.0,0.53763,2
0.0,0.33333,0.0,0.0,0.04167,0.79487,0.33333,0.33333,0.0,0.33333,0.66667,0.09066,0.10558,0.43121,0.1828,2
0.0,0.66667,0.0,0.0,0.04167,0.76224,0.33333,0.33333,0.0,0.33333,0.66667,0.53696,0.48517,0.44306,0.35484,2
0.0,0.66667,0.0,0.0,0.04167,0.67832,0.66667,0.33333,0.0,0.33333,0.66667,0.09066,0.10558,0.45491,0.21505,2
0.0,1.0,1.0,0.0,0.08333,0.73427,1.0,0.66667,0.0,0.0,0.66667,0.11855,0.1293,0.8578,0.58065,2
0.0,0.33333,1.0,0.0,0.125,0.77156,0.33333,1.0,1.0,0.33333,0.33333,0.17434,0.17675,0.47861,0.39785,2
0.0,0.66667,1.0,0.0,0.08333,0.6993,0.66667,0.66667,0.0,0.66667,0.33333,0.07671,0.09371,0.96445,0.43011,2
0.0,0.66667,1.0,0.0,0.04167,0.7296,0.33333,0.33333,1.0,0.33333,1.0,0.24407,0.23606,0.70376,0.49462,2
0.0,0.66667,1.0,0.0,0.04167,0.67599,0.0,1.0,0.0,0.33333,0.33333,0.32775,0.30724,0.8578,0.13978,2
0.0,1.0,0.0,0.0,0.125,0.72261,0.33333,0.66667,1.0,0.66667,0.33333,0.16039,0.16489,0.68006,0.22581,2
0.0,1.0,0.0,0.0,0.125,0.63403,1.0,0.66667,0.0,0.0,0.66667,0.16039,0.16489,0.66821,0.34409,2
0.0,0.66667,0.0,0.0,0.04167,0.62704,0.66667,1.0,1.0,0.0,0.33333,0.52301,0.46145,0.53786,0.22581,2
0.0,1.0,0.0,0.0,0.125,0.73427,0.33333,0.66667,0.0,0.33333,0.66667,0.04881,0.06999,1.0,0.29032,2
0.0,1.0,0.0,0.0,0.08333,0.73427,0.33333,0.66667,0.0,0.66667,0.33333,0.06276,0.08185,0.9763,0.17204,2
0.33333,0.66667,0.0,0.0,0.08333,0.72261,1.0,0.0,0.0,0.0,0.66667,0.24407,0.23606,0.56156,0.05376,2
0.33333,0.66667,0.0,0.0,0.08333,0.66434,1.0,0.0,0.0,0.0,0.66667,0.18828,0.18861,0.76301,0.17204,2
0.33333,0.0,0.0,0.0,0.04167,0.69697,1.0,0.0,0.0,0.0,0.66667,0.53696,0.44958,0.50231,0.37634,2
0.33333,0.66667,0.0,0.0,0.0625,0.68998,1.0,0.0,0.0,0.0,0.66667,0.24407,0.23606,0.9289,0.34409,2
0.33333,0.33333,0.0,0.0,0.08333,0.75291,0.33333,0.33333,1.0,0.33333,0.66667,0.29986,0.28351,0.69191,0.09677,2
0.33333,0.33333,0.0,0.0,0.125,0.68531,0.0,0.33333,0.0,0.66667,0.66667,0.1046,0.11744,0.79855,0.13978,2
0.33333,1.0,0.0,0.0,0.0,0.79487,0.0,0.33333,0.0,0.66667,0.66667,0.06276,0.08185,0.9289,0.16129,2
0.33333,0.33333,0.0,0.0,0.08333,0.65501,0.0,0.33333,1.0,0.33333,0.66667,0.32775,0.30724,0.53786,0.37634,2
0.33333,0.33333,0.0,0.0,0.08333,0.68765,0.33333,0.66667,0.0,0.33333,0.66667,0.35565,0.33096,0.54971,0.76344,2
0.33333,0.33333,0.0,0.0,0.125,0.73893,0.0,0.66667,1.0,0.33333,0.66667,0.3696,0.34282,0.9052,0.58065,2
0.33333,0.33333,0.0,0.0,0.08333,0.80653,0.0,0.66667,1.0,0.33333,0.66667,0.11855,0.1293,0.94075,0.52688,2
0.0,0.0,0.0,0.0,0.08333,0.63403,0.0,0.33333,0.0,0.66667,0.66667,0.42538,0.39027,0.52601,0.17204,2
0.0,0.33333,0.0,0.0,0.08333,0.80186,0.0,1.0,0.0,0.66667,0.66667,0.31381,0.29537,0.57341,0.17204,2
0.0,0.33333,0.0,0.0,0.14583,0.74825,0.33333,0.33333,1.0,0.66667,0.66667,0.59275,0.53262,0.50231,0.33333,2
0.0,0.33333,0.0,0.0,0.08333,0.669,0.0,1.0,0.0,0.66667,0.66667,0.3417,0.3191,0.86965,0.23656,2
0.0,0.0,0.0,0.0,0.14583,0.75758,0.0,1.0,0.0,0.66667,0.66667,0.11855,0.1293,0.98815,0.49462,2
0.0,0.0,0.0,0.0,0.08333,0.71329,0.33333,0.66667,0.0,0.33333,0.66667,0.23013,0.2242,0.69191,0.23656,2
0.0,0.66667,0.0,0.0,0.08333,0.7296,0.0,1.0,0.0,0.66667,0.66667,0.41144,0.37841,0.43121,0.31183,2
0.0,1.0,0.0,0.0,0.125,0.67832,0.0,0.66667,0.0,1.0,0.66667,0.35565,0.33096,0.62081,0.73118,2
0.0,0.0,0.0,0.0,0.08333,0.82051,0.0,0.66667,0.0,0.66667,0.66667,0.11855,0.1293,0.46676,0.13978,2
0.0,0.0,0.0,0.0,0.125,0.70862,0.0,0.66667,0.0,0.66667,0.66667,0.11855,0.1293,0.77485,0.16129,2
0.0,0.33333,0.0,0.0,0.04167,0.76923,0.0,1.0,0.0,0.66667,0.66667,0.5788,0.52076,0.41936,0.22581,2
0.0,0.0,0.0,0.0,0.04167,0.65734,0.0,0.66667,0.0,1.0,0.66667,0.39749,0.36655,0.9526,0.88172,2
0.0,0.0,0.0,0.0,0.125,0.78322,0.0,0.66667,0.0,1.0,0.66667,0.3696,0.34282,0.96445,0.58065,2
0.0,0.0,0.0,0.0,0.14583,0.75758,0.0,0.66667,0.0,1.0,0.66667,0.43933,0.40214,0.84595,0.46237,2
0.0,0.0,0.0,0.0,0.125,0.81585,0.0,1.0,0.0,0.66667,0.66667,0.39749,0.36655,0.40751,0.22581,2
0.0,0.33333,0.0,0.0,0.04167,0.74126,0.66667,0.66667,1.0,0.0,0.66667,0.04881,0.06999,0.41936,0.17204,2
0.0,1.0,0.0,0.0,0.125,0.66434,0.33333,0.66667,1.0,0.33333,0.66667,0.59275,0.53262,0.41936,0.05376,2
0.0,0.66667,0.0,0.0,0.08333,0.78788,0.33333,0.33333,1.0,0.33333,0.66667,0.42538,0.39027,0.9526,0.66667,2
0.0,1.0,0.0,0.0,0.08333,0.76457,0.33333,0.66667,1.0,0.33333,0.66667,0.41144,0.37841,0.45491,0.17204,2
0.0,1.0,0.0,0.0,0.16667,0.65268,0.0,0.66667,1.0,0.33333,0.66667,0.55091,0.49703,0.57341,0.29032,2
0.0,0.0,0.0,0.0,0.04167,0.78555,0.33333,1.0,1.0,0.0,0.66667,0.46722,0.42586,0.57341,0.16129,2
0.0,0.0,0.0,0.0,0.0,0.78089,0.33333,1.0,1.0,0.0,0.66667,0.25802,0.24792,0.77485,0.13978,2
0.0,0.33333,0.5,1.0,0.41667,0.33333,0.66667,0.66667,1.0,1.0,0.33333,0.09066,0.10558,0.49046,0.19355,3
0.33333,0.66667,1.0,0.0,0.125,0.39161,0.33333,1.0,1.0,0.66667,0.33333,0.24407,0.23606,0.44306,0.06452,3
0.0,0.66667,1.0,0.0,0.08333,0.33333,0.66667,1.0,0.0,0.66667,0.33333,0.24407,0.23606,0.91705,0.51613,3
0.0,0.0,0.0,0.0,0.08333,0.36597,0.33333,1.0,0.0,1.0,0.66667,0.20223,0.20047,0.50231,0.29032,3
0.0,1.0,0.0,0.0,0.08333,0.32168,0.33333,1.0,0.0,1.0,0.66667,0.31381,0.29537,0.65636,0.29032,3
0.0,1.0,0.0,0.0,0.16667,0.39161,0.33333,1.0,1.0,1.0,0.66667,0.39749,0.36655,0.75116,0.29032,3
0.0,0.0,0.0,0.0,0.08333,0.31235,0.66667,1.0,1.0,0.33333,0.66667,0.39749,0.36655,0.72746,0.35484,3
0.0,0.33333,0.0,0.0,0.08333,0.34266,0.66667,1.0,1.0,0.0,0.66667,0.32775,0.30724,0.76301,0.13978,3
0.33333,0.66667,0.0,0.0,0.08333,0.47086,0.66667,0.66667,0.0,0.66667,0.66667,0.3166,0.293,0.61168,0.45161,3
0.0,0.33333,0.5,1.0,0.45833,0.54545,1.0,0.33333,1.0,0.33333,0.66667,0.46722,0.43772,0.62081,0.31183,3
0.0,0.33333,0.5,1.0,1.0,0.52681,0.66667,0.66667,1.0,0.66667,1.0,0.07671,0.09371,0.68006,0.2043,3
0.0,0.66667,1.0,0.0,0.04167,0.56643,1.0,0.33333,0.0,0.66667,0.66667,0.23013,0.2242,0.77485,0.16129,3
0.0,0.66667,1.0,0.0,0.125,0.44755,0.33333,1.0,1.0,0.66667,0.66667,0.1325,0.14116,0.73931,0.73118,3
0.0,1.0,0.0,0.0,0.04167,0.61305,1.0,0.66667,0.0,0.66667,1.0,0.38354,0.35469,0.53786,0.76344,3
0.33333,0.0,0.5,1.0,0.41667,0.59441,0.0,1.0,0.0,1.0,1.0,0.41144,0.37841,0.57341,0.05376,3
0.33333,0.0,0.5,1.0,0.33333,0.57576,0.33333,1.0,0.0,1.0,1.0,0.24407,0.23606,0.75116,0.37634,3
0.33333,0.33333,0.0,0.0,0.125,0.55478,0.66667,0.66667,0.0,0.66667,0.66667,0.28591,0.27165,0.52601,0.73118,3
0.0,1.0,0.5,1.0,0.08333,0.55711,0.66667,1.0,0.0,0.33333,0.66667,0.1325,0.14116,0.51416,0.52688,3
0.0,1.0,0.5,1.0,0.08333,0.54312,0.33333,1.0,1.0,0.66667,0.66667,0.39749,0.36655,0.52601,0.16129,3
0.0,0.33333,0.5,1.0,0.04167,0.42424,0.33333,1.0,1.0,1.0,0.66667,0.5788,0.52076,0.50231,0.05376,3
0.0,1.0,0.5,1.0,0.125,0.49883,0.66667,0.66667,1.0,1.0,0.66667,0.56485,0.46145,0.60896,0.11828,3
0.0,1.0,0.5,1.0,0.16667,0.62005,0.66667,1.0,1.0,0.66667,0.66667,0.21618,0.21234,0.57341,0.52688,3
0.0,0.0,0.0,0.0,0.04167,0.51515,0.33333,1.0,1.0,0.66667,0.66667,0.27197,0.25979,0.45491,0.39785,3
0.0,0.0,0.0,0.0,0.08333,0.5711,0.0,1.0,0.0,1.0,0.66667,0.56485,0.5089,0.51416,0.66667,3
0.0,0.0,0.0,0.0,0.125,0.57576,0.33333,0.66667,0.0,1.0,0.66667,0.20223,0.20047,0.72746,0.05376,3
0.0,0.33333,0.0,0.0,0.08333,0.52914,0.33333,1.0,0.0,1.0,0.66667,0.55091,0.46145,0.46676,0.13978,3
0.0,0.0,0.0,0.0,0.125,0.52448,0.33333,0.66667,0.0,1.0,0.66667,0.45328,0.414,0.49046,0.34409,3
0.0,0.33333,0.0,0.0,0.20833,0.58042,0.0,1.0,0.0,1.0,0.66667,0.14644,0.15302,0.40751,0.09677,3
0.0,0.66667,0.0,0.0,0.08333,0.53147,0.33333,0.66667,0.0,1.0,0.66667,0.1046,0.11744,0.46676,0.34409,3
0.0,1.0,0.0,0.0,0.125,0.55711,0.0,1.0,0.0,1.0,0.66667,0.31381,0.29537,0.77485,0.33333,3
0.0,0.33333,0.0,0.0,0.04167,0.50816,0.0,1.0,0.0,1.0,0.66667,0.17434,0.17675,0.75116,0.17204,3
0.0,0.0,0.0,0.0,0.14583,0.44289,0.33333,1.0,0.0,1.0,0.66667,0.1046,0.11744,0.65636,0.50538,3
0.0,0.0,0.0,0.0,0.14583,0.45688,0.0,1.0,0.0,1.0,0.66667,0.25802,0.24792,0.59711,0.37634,3
0.0,0.0,0.0,0.0,0.0,0.61305,0.0,1.0,0.0,1.0,0.66667,0.23013,0.2242,0.8578,0.34409,3
0.0,1.0,0.0,0.0,0.08333,0.56177,0.0,1.0,0.0,1.0,0.66667,0.29986,0.28351,0.50231,0.76344,3
0.0,0.0,0.0,0.0,0.125,0.53846,0.33333,1.0,0.0,1.0,0.66667,0.1325,0.14116,0.73931,0.34409,3
0.0,0.0,0.0,0.0,0.04167,0.46387,0.33333,1.0,0.0,1.0,0.66667,0.51604,0.43772,0.63266,0.33333,3
0.0,0.0,0.0,0.0,0.125,0.52914,0.33333,1.0,0.0,1.0,0.66667,0.5788,0.52076,0.51416,0.22581,3
0.0,0.0,0.0,0.0,0.20833,0.51748,0.33333,1.0,0.0,0.66667,0.66667,0.3696,0.34282,0.60896,0.63441,3
0.0,1.0,0.0,0.0,0.125,0.49184,0.66667,1.0,1.0,0.66667,0.66667,0.07671,0.09371,0.60896,0.17204,3
0.0,1.0,0.0,0.0,0.08333,0.57809,0.66667,0.66667,1.0,0.66667,0.66667,0.16039,0.16489,0.47861,0.66667,3
0.0,1.0,0.0,0.0,0.08333,0.52681,0.66667,0.66667,1.0,0.66667,0.66667,0.16039,0.16489,0.72746,0.39785,3
0.0,1.0,0.0,0.0,0.20833,0.56177,0.33333,1.0,1.0,0.33333,0.66667,0.24407,0.23606,0.64451,0.73118,3
0.0,0.33333,0.0,0.0,0.04167,0.40559,0.33333,0.66667,1.0,0.66667,0.66667,0.52301,0.47331,0.9289,0.05376,3
0.0,1.0,0.0,0.0,0.08333,0.47086,0.33333,0.66667,1.0,0.66667,0.66667,0.35565,0.33096,0.8815,0.15054,3
0.0,0.0,0.0,0.0,0.08333,0.57343,0.33333,1.0,1.0,0.33333,0.66667,0.06276,0.08185,0.68006,0.45161,3
0.0,0.33333,0.0,0.0,0.20833,0.49883,0.0,1.0,1.0,1.0,0.66667,0.25802,0.24792,0.72746,0.19355,3
0.0,1.0,0.0,0.0,0.125,0.62471,0.66667,1.0,1.0,0.66667,0.66667,0.23013,0.2242,0.66821,0.1828,3
0.0,0.0,0.0,0.0,0.14583,0.55245,0.66667,1.0,1.0,0.33333,0.66667,0.11855,0.1293,0.54971,0.52688,3
0.0,0.0,0.0,0.0,0.04167,0.55478,0.66667,1.0,1.0,0.0,0.66667,0.3696,0.34282,0.9763,0.30108,3
0.0,1.0,0.0,0.0,0.0,0.52448,0.66667,0.66667,1.0,0.33333,0.66667,0.52301,0.43772,0.84595,0.05376,3
0.0,0.0,0.0,0.0,0.14583,0.62937,0.33333,1.0,1.0,0.33333,0.66667,0.06276,0.08185,0.41936,0.35484,3
0.0,0.33333,0.0,0.0,0.08333,0.4662,1.0,1.0,1.0,0.33333,0.66667,0.06276,0.08185,0.89335,0.19355,3
0.0,0.33333,0.0,0.0,0.10417,0.62471,1.0,1.0,0.0,0.0,0.66667,0.76709,1.0,0.72627,0.31183,3
0.33333,0.33333,0.0,0.0,0.04167,0.75291,0.66667,1.0,0.0,0.33333,0.66667,0.19107,0.1637,0.63455,0.52688,3
0.0,1.0,0.5,1.0,0.41667,0.76923,0.66667,0.66667,1.0,0.33333,0.66667,0.27197,0.25979,0.56156,0.35484,3
0.0,1.0,0.5,1.0,0.375,0.81818,0.0,0.66667,1.0,1.0,0.66667,0.27197,0.25979,0.57341,0.36559,3
0.0,0.66667,0.0,0.0,0.08333,0.64569,0.33333,1.0,0.0,0.33333,1.0,0.04881,0.06999,0.68006,0.22581,3
0.0,0.66667,0.0,0.0,0.10417,0.82984,1.0,0.66667,1.0,0.0,0.66667,0.07671,0.09371,0.53786,0.4086,3
0.0,1.0,0.0,0.0,0.04167,0.68765,1.0,1.0,0.0,0.66667,0.66667,0.52301,0.47331,0.45491,0.52688,3
0.33333,0.33333,0.5,1.0,0.375,0.7972,0.33333,1.0,0.0,1.0,1.0,0.52301,0.43772,0.63266,0.16129,3
0.33333,0.0,0.0,0.0,0.16667,0.62471,0.33333,0.66667,1.0,0.66667,0.66667,0.52999,0.44958,0.73931,0.49462,3
0.0,0.33333,0.0,1.0,0.125,0.72727,0.66667,1.0,1.0,0.33333,0.66667,0.53696,0.48517,0.51416,0.17204,3
0.0,0.33333,0.0,1.0,0.08333,0.662,0.66667,1.0,1.0,0.66667,0.66667,0.11855,0.1293,0.52601,0.66667,3
0.0,0.0,0.0,0.0,0.04167,0.8042,0.33333,1.0,1.0,0.66667,0.66667,0.31381,0.29537,0.52601,0.05376,3
0.0,0.33333,0.0,0.0,0.125,0.7669,0.33333,0.66667,0.0,1.0,0.66667,0.53696,0.48517,0.44306,0.02151,3
0.0,0.0,0.0,0.0,0.04167,0.7296,0.33333,1.0,0.0,1.0,0.66667,0.20223,0.20047,0.66821,0.47312,3
0.0,1.0,0.0,0.0,0.125,0.76457,0.0,1.0,0.0,1.0,0.66667,0.46722,0.42586,0.50231,0.32258,3
0.0,1.0,0.0,0.0,0.125,0.76923,0.33333,1.0,0.0,1.0,0.66667,0.42538,0.39027,0.54971,0.17204,3
0.0,0.0,0.0,0.0,0.14583,0.62471,0.33333,0.66667,1.0,0.66667,0.66667,0.42538,0.39027,0.9052,0.05376,3
0.0,1.0,0.0,0.0,0.08333,0.68065,0.33333,1.0,1.0,0.66667,0.66667,0.52301,0.43772,0.7867,0.39785,3
0.0,1.0,0.0,0.0,0.125,0.66667,0.33333,0.66667,1.0,1.0,0.66667,0.53696,0.44958,0.63266,0.46237,3
0.0,0.0,0.0,0.0,0.125,0.75758,0.66667,1.0,1.0,0.0,0.66667,0.17434,0.17675,0.62081,0.30108,3
0.0,0.33333,0.0,0.0,0.08333,0.61305,0.66667,0.66667,1.0,0.33333,0.66667,0.46722,0.42586,0.9763,0.58065,3
0.0,0.0,0.0,0.0,0.125,0.80886,0.33333,1.0,1.0,0.33333,0.66667,0.35565,0.33096,0.54971,0.06452,3
0.0,0.33333,0.0,0.0,0.04167,0.72494,0.66667,0.66667,1.0,0.33333,0.66667,0.42538,0.39027,0.9289,0.43011,3
0.0,0.0,0.0,0.0,0.08333,0.78788,0.66667,1.0,1.0,0.33333,0.66667,0.23013,0.2242,0.41936,0.22581,3
0.0,0.0,0.0,0.0,0.04167,0.79021,1.0,1.0,1.0,0.33333,0.66667,0.53696,0.44958,0.94075,0.46237,3
0.0,1.0,0.5,1.0,0.45833,0.57343,0.66667,1.0,1.0,1.0,0.66667,0.1325,0.14116,1.0,0.13978,4
0.33333,0.33333,0.5,1.0,0.41667,0.42657,1.0,1.0,0.0,1.0,1.0,0.29986,0.28351,0.68006,0.17204,4
0.0,0.66667,1.0,0.0,0.20833,0.64569,1.0,1.0,1.0,0.66667,0.66667,0.27197,0.25979,0.46676,0.16129,4
